0 0 0 0
0 0.02 0 0
0 0.04 0 0
0 0.06 0 0
0 0.08 0 0
0 0.1 0 0
0 0.12 0 0
0 0.14 0 0
0 0.16 0 0
0 0.18 0 0
0 0.2 0 0
0 0.22 0 0
0 0.24 0 0
0 0.26 0 0
0 0.28 0 0
0 0.3 0 0
0 0.32 0 0
0 0.34 0 0
0 0.36 0 0
0 0.38 0 0
0 0.4 0 0
0 0.42 0 0
0 0.44 0 0
0 0.46 0 0
0 0.48 0 0
0 0.5 0 0
0 0.52 0 0
0 0.54 0 0
0 0.56 0 0
0 0.58 0 0
0 0.6 0 0
0 0.62 0 0
0 0.64 0 0
0 0.66 0 0
0 0.68 0 0
0 0.7 0 0
0 0.72 0 0
0 0.74 0 0
0 0.76 0 0
0 0.78 0 0
0 0.8 0 0
0 0.82 0 0
0 0.84 0 0
0 0.86 0 0
0 0.88 0 0
0 0.9 0 0
0 0.92 0 0
0 0.94 0 0
0 0.96 0 0
0 0.98 0 0
0 1 0 0

0.02 0 0 0
0.02 0.02 0 0
0.02 0.04 0 0
0.02 0.06 0 0
0.02 0.08 0 0
0.02 0.1 0 0
0.02 0.12 0 0
0.02 0.14 0 0
0.02 0.16 0 0
0.02 0.18 0 0
0.02 0.2 0 0
0.02 0.22 0 0
0.02 0.24 0 0
0.02 0.26 0 0
0.02 0.28 0 0
0.02 0.3 0 0
0.02 0.32 0 0
0.02 0.34 0 0
0.02 0.36 0 0
0.02 0.38 0 0
0.02 0.4 0 0
0.02 0.42 0 0
0.02 0.44 0 0
0.02 0.46 0 0
0.02 0.48 0 0
0.02 0.5 0 0
0.02 0.52 0 0
0.02 0.54 0 0
0.02 0.56 0 0
0.02 0.58 0 0
0.02 0.6 0 0
0.02 0.62 0 0
0.02 0.64 0 0
0.02 0.66 0 0
0.02 0.68 0 0
0.02 0.7 0 0
0.02 0.72 0 0
0.02 0.74 0 0
0.02 0.76 0 0
0.02 0.78 0 0
0.02 0.8 0 0
0.02 0.82 0 0
0.02 0.84 0 0
0.02 0.86 0 0
0.02 0.88 0 0
0.02 0.9 0 0
0.02 0.92 0 0
0.02 0.94 0 0
0.02 0.96 0 0
0.02 0.98 0 0
0.02 1 0 0

0.04 0 0 0
0.04 0.02 0 0
0.04 0.04 0 0
0.04 0.06 0 0
0.04 0.08 0 0
0.04 0.1 0 0
0.04 0.12 0 0
0.04 0.14 0 0
0.04 0.16 0 0
0.04 0.18 0 0
0.04 0.2 0 0
0.04 0.22 0 0
0.04 0.24 0 0
0.04 0.26 0 0
0.04 0.28 0 0
0.04 0.3 0 0
0.04 0.32 0 0
0.04 0.34 0 0
0.04 0.36 0 0
0.04 0.38 0 0
0.04 0.4 0 0
0.04 0.42 0 0
0.04 0.44 0 0
0.04 0.46 0 0
0.04 0.48 0 0
0.04 0.5 0 0
0.04 0.52 0 0
0.04 0.54 0 0
0.04 0.56 0 0
0.04 0.58 0 0
0.04 0.6 0 0
0.04 0.62 0 0
0.04 0.64 0 0
0.04 0.66 0 0
0.04 0.68 0 0
0.04 0.7 0 0
0.04 0.72 0 0
0.04 0.74 0 0
0.04 0.76 0 0
0.04 0.78 0 0
0.04 0.8 0 0
0.04 0.82 0 0
0.04 0.84 0 0
0.04 0.86 0 0
0.04 0.88 0 0
0.04 0.9 0 0
0.04 0.92 0 0
0.04 0.94 0 0
0.04 0.96 0 0
0.04 0.98 0 0
0.04 1 0 0

0.06 0 0 0
0.06 0.02 0 0
0.06 0.04 0 0
0.06 0.06 0 0
0.06 0.08 0 0
0.06 0.1 0 0
0.06 0.12 0 0
0.06 0.14 0 0
0.06 0.16 0 0
0.06 0.18 0 0
0.06 0.2 0 0
0.06 0.22 0 0
0.06 0.24 0 0
0.06 0.26 0 0
0.06 0.28 0 0
0.06 0.3 0 0
0.06 0.32 0 0
0.06 0.34 0 0
0.06 0.36 0 0
0.06 0.38 0 0
0.06 0.4 0 0
0.06 0.42 0 0
0.06 0.44 0 0
0.06 0.46 0 0
0.06 0.48 0 0
0.06 0.5 0 0
0.06 0.52 0 0
0.06 0.54 0 0
0.06 0.56 0 0
0.06 0.58 0 0
0.06 0.6 0 0
0.06 0.62 0 0
0.06 0.64 0 0
0.06 0.66 0 0
0.06 0.68 0 0
0.06 0.7 0 0
0.06 0.72 0 0
0.06 0.74 0 0
0.06 0.76 0 0
0.06 0.78 0 0
0.06 0.8 0 0
0.06 0.82 0 0
0.06 0.84 0 0
0.06 0.86 0 0
0.06 0.88 0 0
0.06 0.9 0 0
0.06 0.92 0 0
0.06 0.94 0 0
0.06 0.96 0 0
0.06 0.98 0 0
0.06 1 0 0

0.08 0 0 0
0.08 0.02 0 0
0.08 0.04 0 0
0.08 0.06 0 0
0.08 0.08 0 0
0.08 0.1 0 0
0.08 0.12 0 0
0.08 0.14 0 0
0.08 0.16 0 0
0.08 0.18 0 0
0.08 0.2 0 0
0.08 0.22 0 0
0.08 0.24 0 0
0.08 0.26 0 0
0.08 0.28 0 0
0.08 0.3 0 0
0.08 0.32 0 0
0.08 0.34 0 0
0.08 0.36 0 0
0.08 0.38 0 0
0.08 0.4 0 0
0.08 0.42 0 0
0.08 0.44 0 0
0.08 0.46 0 0
0.08 0.48 0 0
0.08 0.5 0 0
0.08 0.52 0 0
0.08 0.54 0 0
0.08 0.56 0 0
0.08 0.58 0 0
0.08 0.6 0 0
0.08 0.62 0 0
0.08 0.64 0 0
0.08 0.66 0 0
0.08 0.68 0 0
0.08 0.7 0 0
0.08 0.72 0 0
0.08 0.74 0 0
0.08 0.76 0 0
0.08 0.78 0 0
0.08 0.8 0 0
0.08 0.82 0 0
0.08 0.84 0 0
0.08 0.86 0 0
0.08 0.88 0 0
0.08 0.9 0 0
0.08 0.92 0 0
0.08 0.94 0 0
0.08 0.96 0 0
0.08 0.98 0 0
0.08 1 0 0

0.1 0 0 0
0.1 0.02 0 0
0.1 0.04 0 0
0.1 0.06 0 0
0.1 0.08 0 0
0.1 0.1 0 0
0.1 0.12 0 0
0.1 0.14 0 0
0.1 0.16 0 0
0.1 0.18 0 0
0.1 0.2 0 0
0.1 0.22 0 0
0.1 0.24 0 0
0.1 0.26 0 0
0.1 0.28 0 0
0.1 0.3 0 0
0.1 0.32 0 0
0.1 0.34 0 0
0.1 0.36 0 0
0.1 0.38 0 0
0.1 0.4 0 0
0.1 0.42 0 0
0.1 0.44 0 0
0.1 0.46 0 0
0.1 0.48 0 0
0.1 0.5 0 0
0.1 0.52 0 0
0.1 0.54 0 0
0.1 0.56 0 0
0.1 0.58 0 0
0.1 0.6 0 0
0.1 0.62 0 0
0.1 0.64 0 0
0.1 0.66 0 0
0.1 0.68 0 0
0.1 0.7 0 0
0.1 0.72 0 0
0.1 0.74 0 0
0.1 0.76 0 0
0.1 0.78 0 0
0.1 0.8 0 0
0.1 0.82 0 0
0.1 0.84 0 0
0.1 0.86 0 0
0.1 0.88 0 0
0.1 0.9 0 0
0.1 0.92 0 0
0.1 0.94 0 0
0.1 0.96 0 0
0.1 0.98 0 0
0.1 1 0 0

0.12 0 0 0
0.12 0.02 0 0
0.12 0.04 0 0
0.12 0.06 0 0
0.12 0.08 0 0
0.12 0.1 0 0
0.12 0.12 0 0
0.12 0.14 0 0
0.12 0.16 0 0
0.12 0.18 0 0
0.12 0.2 0 0
0.12 0.22 0 0
0.12 0.24 0 0
0.12 0.26 0 0
0.12 0.28 0 0
0.12 0.3 0 0
0.12 0.32 0 0
0.12 0.34 0 0
0.12 0.36 0 0
0.12 0.38 0 0
0.12 0.4 0 0
0.12 0.42 0 0
0.12 0.44 0 0
0.12 0.46 0 0
0.12 0.48 0 0
0.12 0.5 0 0
0.12 0.52 0 0
0.12 0.54 0 0
0.12 0.56 0 0
0.12 0.58 0 0
0.12 0.6 0 0
0.12 0.62 0 0
0.12 0.64 0 0
0.12 0.66 0 0
0.12 0.68 0 0
0.12 0.7 0 0
0.12 0.72 0 0
0.12 0.74 0 0
0.12 0.76 0 0
0.12 0.78 0 0
0.12 0.8 0 0
0.12 0.82 0 0
0.12 0.84 0 0
0.12 0.86 0 0
0.12 0.88 0 0
0.12 0.9 0 0
0.12 0.92 0 0
0.12 0.94 0 0
0.12 0.96 0 0
0.12 0.98 0 0
0.12 1 0 0

0.14 0 0 0
0.14 0.02 0 0
0.14 0.04 0 0
0.14 0.06 0 0
0.14 0.08 0 0
0.14 0.1 0 0
0.14 0.12 0 0
0.14 0.14 0 0
0.14 0.16 0 0
0.14 0.18 0 0
0.14 0.2 0 0
0.14 0.22 0 0
0.14 0.24 0 0
0.14 0.26 0 0
0.14 0.28 0 0
0.14 0.3 0 0
0.14 0.32 0 0
0.14 0.34 0 0
0.14 0.36 0 0
0.14 0.38 0 0
0.14 0.4 0 0
0.14 0.42 0 0
0.14 0.44 0 0
0.14 0.46 0 0
0.14 0.48 0 0
0.14 0.5 0 0
0.14 0.52 0 0
0.14 0.54 0 0
0.14 0.56 0 0
0.14 0.58 0 0
0.14 0.6 0 0
0.14 0.62 0 0
0.14 0.64 0 0
0.14 0.66 0 0
0.14 0.68 0 0
0.14 0.7 0 0
0.14 0.72 0 0
0.14 0.74 0 0
0.14 0.76 0 0
0.14 0.78 0 0
0.14 0.8 0 0
0.14 0.82 0 0
0.14 0.84 0 0
0.14 0.86 0 0
0.14 0.88 0 0
0.14 0.9 0 0
0.14 0.92 0 0
0.14 0.94 0 0
0.14 0.96 0 0
0.14 0.98 0 0
0.14 1 0 0

0.16 0 0 0
0.16 0.02 0 0
0.16 0.04 0 0
0.16 0.06 0 0
0.16 0.08 0 0
0.16 0.1 0 0
0.16 0.12 0 0
0.16 0.14 0 0
0.16 0.16 0 0
0.16 0.18 0 0
0.16 0.2 0 0
0.16 0.22 0 0
0.16 0.24 0 0
0.16 0.26 0 0
0.16 0.28 0 0
0.16 0.3 0 0
0.16 0.32 0 0
0.16 0.34 0 0
0.16 0.36 0 0
0.16 0.38 0 0
0.16 0.4 0 0
0.16 0.42 0 0
0.16 0.44 0 0
0.16 0.46 0 0
0.16 0.48 0 0
0.16 0.5 0 0
0.16 0.52 0 0
0.16 0.54 0 0
0.16 0.56 0 0
0.16 0.58 0 0
0.16 0.6 0 0
0.16 0.62 0 0
0.16 0.64 0 0
0.16 0.66 0 0
0.16 0.68 0 0
0.16 0.7 0 0
0.16 0.72 0 0
0.16 0.74 0 0
0.16 0.76 0 0
0.16 0.78 0 0
0.16 0.8 0 0
0.16 0.82 0 0
0.16 0.84 0 0
0.16 0.86 0 0
0.16 0.88 0 0
0.16 0.9 0 0
0.16 0.92 0 0
0.16 0.94 0 0
0.16 0.96 0 0
0.16 0.98 0 0
0.16 1 0 0

0.18 0 0 0
0.18 0.02 0 0
0.18 0.04 0 0
0.18 0.06 0 0
0.18 0.08 0 0
0.18 0.1 0 0
0.18 0.12 0 0
0.18 0.14 0 0
0.18 0.16 0 0
0.18 0.18 0 0
0.18 0.2 0 0
0.18 0.22 0 0
0.18 0.24 0 0
0.18 0.26 0 0
0.18 0.28 0 0
0.18 0.3 0 0
0.18 0.32 0 0
0.18 0.34 0 0
0.18 0.36 0 0
0.18 0.38 0 0
0.18 0.4 0 0
0.18 0.42 0 0
0.18 0.44 0 0
0.18 0.46 0 0
0.18 0.48 0 0
0.18 0.5 0 0
0.18 0.52 0 0
0.18 0.54 0 0
0.18 0.56 0 0
0.18 0.58 0 0
0.18 0.6 0 0
0.18 0.62 0 0
0.18 0.64 0 0
0.18 0.66 0 0
0.18 0.68 0 0
0.18 0.7 0 0
0.18 0.72 0 0
0.18 0.74 0 0
0.18 0.76 0 0
0.18 0.78 0 0
0.18 0.8 0 0
0.18 0.82 0 0
0.18 0.84 0 0
0.18 0.86 0 0
0.18 0.88 0 0
0.18 0.9 0 0
0.18 0.92 0 0
0.18 0.94 0 0
0.18 0.96 0 0
0.18 0.98 0 0
0.18 1 0 0

0.2 0 0 0
0.2 0.02 0 0
0.2 0.04 0 0
0.2 0.06 0 0
0.2 0.08 0 0
0.2 0.1 0 0
0.2 0.12 0 0
0.2 0.14 0 0
0.2 0.16 0 0
0.2 0.18 0 0
0.2 0.2 0 0
0.2 0.22 0 0
0.2 0.24 0 0
0.2 0.26 0 0
0.2 0.28 0 0
0.2 0.3 0 0
0.2 0.32 0 0
0.2 0.34 0 0
0.2 0.36 0 0
0.2 0.38 0 0
0.2 0.4 0 0
0.2 0.42 0 0
0.2 0.44 0 0
0.2 0.46 0 0
0.2 0.48 0 0
0.2 0.5 0 0
0.2 0.52 0 0
0.2 0.54 0 0
0.2 0.56 0 0
0.2 0.58 0 0
0.2 0.6 0 0
0.2 0.62 0 0
0.2 0.64 0 0
0.2 0.66 0 0
0.2 0.68 0 0
0.2 0.7 0 0
0.2 0.72 0 0
0.2 0.74 0 0
0.2 0.76 0 0
0.2 0.78 0 0
0.2 0.8 0 0
0.2 0.82 0 0
0.2 0.84 0 0
0.2 0.86 0 0
0.2 0.88 0 0
0.2 0.9 0 0
0.2 0.92 0 0
0.2 0.94 0 0
0.2 0.96 0 0
0.2 0.98 0 0
0.2 1 0 0

0.22 0 0 0
0.22 0.02 0 0
0.22 0.04 0 0
0.22 0.06 0 0
0.22 0.08 0 0
0.22 0.1 0 0
0.22 0.12 0 0
0.22 0.14 0 0
0.22 0.16 0 0
0.22 0.18 0 0
0.22 0.2 0 0
0.22 0.22 0 0
0.22 0.24 0 0
0.22 0.26 0 0
0.22 0.28 0 0
0.22 0.3 0 0
0.22 0.32 0 0
0.22 0.34 0 0
0.22 0.36 0 0
0.22 0.38 0 0
0.22 0.4 0 0
0.22 0.42 0 0
0.22 0.44 0 0
0.22 0.46 0 0
0.22 0.48 0 0
0.22 0.5 0 0
0.22 0.52 0 0
0.22 0.54 0 0
0.22 0.56 0 0
0.22 0.58 0 0
0.22 0.6 0 0
0.22 0.62 0 0
0.22 0.64 0 0
0.22 0.66 0 0
0.22 0.68 0 0
0.22 0.7 0 0
0.22 0.72 0 0
0.22 0.74 0 0
0.22 0.76 0 0
0.22 0.78 0 0
0.22 0.8 0 0
0.22 0.82 0 0
0.22 0.84 0 0
0.22 0.86 0 0
0.22 0.88 0 0
0.22 0.9 0 0
0.22 0.92 0 0
0.22 0.94 0 0
0.22 0.96 0 0
0.22 0.98 0 0
0.22 1 0 0

0.24 0 0 0
0.24 0.02 0 0
0.24 0.04 0 0
0.24 0.06 0 0
0.24 0.08 0 0
0.24 0.1 0 0
0.24 0.12 0 0
0.24 0.14 0 0
0.24 0.16 0 0
0.24 0.18 0 0
0.24 0.2 0 0
0.24 0.22 0 0
0.24 0.24 0 0
0.24 0.26 0 0
0.24 0.28 0 0
0.24 0.3 0 0
0.24 0.32 0 0
0.24 0.34 0 0
0.24 0.36 0 0
0.24 0.38 0 0
0.24 0.4 0 0
0.24 0.42 0 0
0.24 0.44 0 0
0.24 0.46 0 0
0.24 0.48 0 0
0.24 0.5 0 0
0.24 0.52 0 0
0.24 0.54 0 0
0.24 0.56 0 0
0.24 0.58 0 0
0.24 0.6 0 0
0.24 0.62 0 0
0.24 0.64 0 0
0.24 0.66 0 0
0.24 0.68 0 0
0.24 0.7 0 0
0.24 0.72 0 0
0.24 0.74 0 0
0.24 0.76 0 0
0.24 0.78 0 0
0.24 0.8 0 0
0.24 0.82 0 0
0.24 0.84 0 0
0.24 0.86 0 0
0.24 0.88 0 0
0.24 0.9 0 0
0.24 0.92 0 0
0.24 0.94 0 0
0.24 0.96 0 0
0.24 0.98 0 0
0.24 1 0 0

0.26 0 0 0
0.26 0.02 0 0
0.26 0.04 0 0
0.26 0.06 0 0
0.26 0.08 0 0
0.26 0.1 0 0
0.26 0.12 0 0
0.26 0.14 0 0
0.26 0.16 0 0
0.26 0.18 0 0
0.26 0.2 0 0
0.26 0.22 0 0
0.26 0.24 0 0
0.26 0.26 0 0
0.26 0.28 0 0
0.26 0.3 0 0
0.26 0.32 0 0
0.26 0.34 0 0
0.26 0.36 0 0
0.26 0.38 0 0
0.26 0.4 0 0
0.26 0.42 0 0
0.26 0.44 0 0
0.26 0.46 0 0
0.26 0.48 0 0
0.26 0.5 0 0
0.26 0.52 0 0
0.26 0.54 0 0
0.26 0.56 0 0
0.26 0.58 0 0
0.26 0.6 0 0
0.26 0.62 0 0
0.26 0.64 0 0
0.26 0.66 0 0
0.26 0.68 0 0
0.26 0.7 0 0
0.26 0.72 0 0
0.26 0.74 0 0
0.26 0.76 0 0
0.26 0.78 0 0
0.26 0.8 0 0
0.26 0.82 0 0
0.26 0.84 0 0
0.26 0.86 0 0
0.26 0.88 0 0
0.26 0.9 0 0
0.26 0.92 0 0
0.26 0.94 0 0
0.26 0.96 0 0
0.26 0.98 0 0
0.26 1 0 0

0.28 0 0 0
0.28 0.02 0 0
0.28 0.04 0 0
0.28 0.06 0 0
0.28 0.08 0 0
0.28 0.1 0 0
0.28 0.12 0 0
0.28 0.14 0 0
0.28 0.16 0 0
0.28 0.18 0 0
0.28 0.2 0 0
0.28 0.22 0 0
0.28 0.24 0 0
0.28 0.26 0 0
0.28 0.28 0 0
0.28 0.3 0 0
0.28 0.32 0 0
0.28 0.34 0 0
0.28 0.36 0 0
0.28 0.38 0 0
0.28 0.4 0 0
0.28 0.42 0 0
0.28 0.44 0 0
0.28 0.46 0 0
0.28 0.48 0 0
0.28 0.5 0 0
0.28 0.52 0 0
0.28 0.54 0 0
0.28 0.56 0 0
0.28 0.58 0 0
0.28 0.6 0 0
0.28 0.62 0 0
0.28 0.64 0 0
0.28 0.66 0 0
0.28 0.68 0 0
0.28 0.7 0 0
0.28 0.72 0 0
0.28 0.74 0 0
0.28 0.76 0 0
0.28 0.78 0 0
0.28 0.8 0 0
0.28 0.82 0 0
0.28 0.84 0 0
0.28 0.86 0 0
0.28 0.88 0 0
0.28 0.9 0 0
0.28 0.92 0 0
0.28 0.94 0 0
0.28 0.96 0 0
0.28 0.98 0 0
0.28 1 0 0

0.3 0 0 0
0.3 0.02 0 0
0.3 0.04 0 0
0.3 0.06 0 0
0.3 0.08 0 0
0.3 0.1 0 0
0.3 0.12 0 0
0.3 0.14 0 0
0.3 0.16 0 0
0.3 0.18 0 0
0.3 0.2 0 0
0.3 0.22 0 0
0.3 0.24 0 0
0.3 0.26 0 0
0.3 0.28 0 0
0.3 0.3 0 0
0.3 0.32 0 0
0.3 0.34 0 0
0.3 0.36 0 0
0.3 0.38 0 0
0.3 0.4 0 0
0.3 0.42 0 0
0.3 0.44 0 0
0.3 0.46 0 0
0.3 0.48 0 0
0.3 0.5 0 0
0.3 0.52 0 0
0.3 0.54 0 0
0.3 0.56 0 0
0.3 0.58 0 0
0.3 0.6 0 0
0.3 0.62 0 0
0.3 0.64 0 0
0.3 0.66 0 0
0.3 0.68 0 0
0.3 0.7 0 0
0.3 0.72 0 0
0.3 0.74 0 0
0.3 0.76 0 0
0.3 0.78 0 0
0.3 0.8 0 0
0.3 0.82 0 0
0.3 0.84 0 0
0.3 0.86 0 0
0.3 0.88 0 0
0.3 0.9 0 0
0.3 0.92 0 0
0.3 0.94 0 0
0.3 0.96 0 0
0.3 0.98 0 0
0.3 1 0 0

0.32 0 0 0
0.32 0.02 0 0
0.32 0.04 0 0
0.32 0.06 0 0
0.32 0.08 0 0
0.32 0.1 0 0
0.32 0.12 0 0
0.32 0.14 0 0
0.32 0.16 0 0
0.32 0.18 0 0
0.32 0.2 0 0
0.32 0.22 0 0
0.32 0.24 0 0
0.32 0.26 0 0
0.32 0.28 0 0
0.32 0.3 0 0
0.32 0.32 0 0
0.32 0.34 0 0
0.32 0.36 0 0
0.32 0.38 0 0
0.32 0.4 0 0
0.32 0.42 0 0
0.32 0.44 0 0
0.32 0.46 0 0
0.32 0.48 0 0
0.32 0.5 0 0
0.32 0.52 0 0
0.32 0.54 0 0
0.32 0.56 0 0
0.32 0.58 0 0
0.32 0.6 0 0
0.32 0.62 0 0
0.32 0.64 0 0
0.32 0.66 0 0
0.32 0.68 0 0
0.32 0.7 0 0
0.32 0.72 0 0
0.32 0.74 0 0
0.32 0.76 0 0
0.32 0.78 0 0
0.32 0.8 0 0
0.32 0.82 0 0
0.32 0.84 0 0
0.32 0.86 0 0
0.32 0.88 0 0
0.32 0.9 0 0
0.32 0.92 0 0
0.32 0.94 0 0
0.32 0.96 0 0
0.32 0.98 0 0
0.32 1 0 0

0.34 0 0 0
0.34 0.02 0 0
0.34 0.04 0 0
0.34 0.06 0 0
0.34 0.08 0 0
0.34 0.1 0 0
0.34 0.12 0 0
0.34 0.14 0 0
0.34 0.16 0 0
0.34 0.18 0 0
0.34 0.2 0 0
0.34 0.22 0 0
0.34 0.24 0 0
0.34 0.26 0 0
0.34 0.28 0 0
0.34 0.3 0 0
0.34 0.32 0 0
0.34 0.34 0 0
0.34 0.36 0 0
0.34 0.38 0 0
0.34 0.4 0 0
0.34 0.42 0 0
0.34 0.44 0 0
0.34 0.46 0 0
0.34 0.48 0 0
0.34 0.5 0 0
0.34 0.52 0 0
0.34 0.54 0 0
0.34 0.56 0 0
0.34 0.58 0 0
0.34 0.6 0 0
0.34 0.62 0 0
0.34 0.64 0 0
0.34 0.66 0 0
0.34 0.68 0 0
0.34 0.7 0 0
0.34 0.72 0 0
0.34 0.74 0 0
0.34 0.76 0 0
0.34 0.78 0 0
0.34 0.8 0 0
0.34 0.82 0 0
0.34 0.84 0 0
0.34 0.86 0 0
0.34 0.88 0 0
0.34 0.9 0 0
0.34 0.92 0 0
0.34 0.94 0 0
0.34 0.96 0 0
0.34 0.98 0 0
0.34 1 0 0

0.36 0 0 0
0.36 0.02 0 0
0.36 0.04 0 0
0.36 0.06 0 0
0.36 0.08 0 0
0.36 0.1 0 0
0.36 0.12 0 0
0.36 0.14 0 0
0.36 0.16 0 0
0.36 0.18 0 0
0.36 0.2 0 0
0.36 0.22 0 0
0.36 0.24 0 0
0.36 0.26 0 0
0.36 0.28 0 0
0.36 0.3 0 0
0.36 0.32 0 0
0.36 0.34 0 0
0.36 0.36 0 0
0.36 0.38 0 0
0.36 0.4 0 0
0.36 0.42 0 0
0.36 0.44 0 0
0.36 0.46 0 0
0.36 0.48 0 0
0.36 0.5 0 0
0.36 0.52 0 0
0.36 0.54 0 0
0.36 0.56 0 0
0.36 0.58 0 0
0.36 0.6 0 0
0.36 0.62 0 0
0.36 0.64 0 0
0.36 0.66 0 0
0.36 0.68 0 0
0.36 0.7 0 0
0.36 0.72 0 0
0.36 0.74 0 0
0.36 0.76 0 0
0.36 0.78 0 0
0.36 0.8 0 0
0.36 0.82 0 0
0.36 0.84 0 0
0.36 0.86 0 0
0.36 0.88 0 0
0.36 0.9 0 0
0.36 0.92 0 0
0.36 0.94 0 0
0.36 0.96 0 0
0.36 0.98 0 0
0.36 1 0 0

0.38 0 0 0
0.38 0.02 0 0
0.38 0.04 0 0
0.38 0.06 0 0
0.38 0.08 0 0
0.38 0.1 0 0
0.38 0.12 0 0
0.38 0.14 0 0
0.38 0.16 0 0
0.38 0.18 0 0
0.38 0.2 0 0
0.38 0.22 0 0
0.38 0.24 0 0
0.38 0.26 0 0
0.38 0.28 0 0
0.38 0.3 0 0
0.38 0.32 0 0
0.38 0.34 0 0
0.38 0.36 0 0
0.38 0.38 0 0
0.38 0.4 0 0
0.38 0.42 0 0
0.38 0.44 0 0
0.38 0.46 0 0
0.38 0.48 0 0
0.38 0.5 0 0
0.38 0.52 0 0
0.38 0.54 0 0
0.38 0.56 0 0
0.38 0.58 0 0
0.38 0.6 0 0
0.38 0.62 0 0
0.38 0.64 0 0
0.38 0.66 0 0
0.38 0.68 0 0
0.38 0.7 0 0
0.38 0.72 0 0
0.38 0.74 0 0
0.38 0.76 0 0
0.38 0.78 0 0
0.38 0.8 0 0
0.38 0.82 0 0
0.38 0.84 0 0
0.38 0.86 0 0
0.38 0.88 0 0
0.38 0.9 0 0
0.38 0.92 0 0
0.38 0.94 0 0
0.38 0.96 0 0
0.38 0.98 0 0
0.38 1 0 0

0.4 0 0 0
0.4 0.02 0 0
0.4 0.04 0 0
0.4 0.06 0 0
0.4 0.08 0 0
0.4 0.1 0 0
0.4 0.12 0 0
0.4 0.14 0 0
0.4 0.16 0 0
0.4 0.18 0 0
0.4 0.2 0 0
0.4 0.22 0 0
0.4 0.24 0 0
0.4 0.26 0 0
0.4 0.28 0 0
0.4 0.3 0 0
0.4 0.32 0 0
0.4 0.34 0 0
0.4 0.36 0 0
0.4 0.38 0 0
0.4 0.4 0 0
0.4 0.42 0 0
0.4 0.44 0 0
0.4 0.46 0 0
0.4 0.48 0 0
0.4 0.5 0 0
0.4 0.52 0 0
0.4 0.54 0 0
0.4 0.56 0 0
0.4 0.58 0 0
0.4 0.6 0 0
0.4 0.62 0 0
0.4 0.64 0 0
0.4 0.66 0 0
0.4 0.68 0 0
0.4 0.7 0 0
0.4 0.72 0 0
0.4 0.74 0 0
0.4 0.76 0 0
0.4 0.78 0 0
0.4 0.8 0 0
0.4 0.82 0 0
0.4 0.84 0 0
0.4 0.86 0 0
0.4 0.88 0 0
0.4 0.9 0 0
0.4 0.92 0 0
0.4 0.94 0 0
0.4 0.96 0 0
0.4 0.98 0 0
0.4 1 0 0

0.42 0 0 0
0.42 0.02 0 0
0.42 0.04 0 0
0.42 0.06 0 0
0.42 0.08 0 0
0.42 0.1 0 0
0.42 0.12 0 0
0.42 0.14 0 0
0.42 0.16 0 0
0.42 0.18 0 0
0.42 0.2 0 0
0.42 0.22 0 0
0.42 0.24 0 0
0.42 0.26 0 0
0.42 0.28 0 0
0.42 0.3 0 0
0.42 0.32 0 0
0.42 0.34 0 0
0.42 0.36 0 0
0.42 0.38 0 0
0.42 0.4 0 0
0.42 0.42 0 0
0.42 0.44 0 0
0.42 0.46 0 0
0.42 0.48 0 0
0.42 0.5 0 0
0.42 0.52 0 0
0.42 0.54 0 0
0.42 0.56 0 0
0.42 0.58 0 0
0.42 0.6 0 0
0.42 0.62 0 0
0.42 0.64 0 0
0.42 0.66 0 0
0.42 0.68 0 0
0.42 0.7 0 0
0.42 0.72 0 0
0.42 0.74 0 0
0.42 0.76 0 0
0.42 0.78 0 0
0.42 0.8 0 0
0.42 0.82 0 0
0.42 0.84 0 0
0.42 0.86 0 0
0.42 0.88 0 0
0.42 0.9 0 0
0.42 0.92 0 0
0.42 0.94 0 0
0.42 0.96 0 0
0.42 0.98 0 0
0.42 1 0 0

0.44 0 0 0
0.44 0.02 0 0
0.44 0.04 0 0
0.44 0.06 0 0
0.44 0.08 0 0
0.44 0.1 0 0
0.44 0.12 0 0
0.44 0.14 0 0
0.44 0.16 0 0
0.44 0.18 0 0
0.44 0.2 0 0
0.44 0.22 0 0
0.44 0.24 0 0
0.44 0.26 0 0
0.44 0.28 0 0
0.44 0.3 0 0
0.44 0.32 0 0
0.44 0.34 0 0
0.44 0.36 0 0
0.44 0.38 0 0
0.44 0.4 0 0
0.44 0.42 0 0
0.44 0.44 0 0
0.44 0.46 0 0
0.44 0.48 0 0
0.44 0.5 0 0
0.44 0.52 0 0
0.44 0.54 0 0
0.44 0.56 0 0
0.44 0.58 0 0
0.44 0.6 0 0
0.44 0.62 0 0
0.44 0.64 0 0
0.44 0.66 0 0
0.44 0.68 0 0
0.44 0.7 0 0
0.44 0.72 0 0
0.44 0.74 0 0
0.44 0.76 0 0
0.44 0.78 0 0
0.44 0.8 0 0
0.44 0.82 0 0
0.44 0.84 0 0
0.44 0.86 0 0
0.44 0.88 0 0
0.44 0.9 0 0
0.44 0.92 0 0
0.44 0.94 0 0
0.44 0.96 0 0
0.44 0.98 0 0
0.44 1 0 0

0.46 0 0 0
0.46 0.02 0 0
0.46 0.04 0 0
0.46 0.06 0 0
0.46 0.08 0 0
0.46 0.1 0 0
0.46 0.12 0 0
0.46 0.14 0 0
0.46 0.16 0 0
0.46 0.18 0 0
0.46 0.2 0 0
0.46 0.22 0 0
0.46 0.24 0 0
0.46 0.26 0 0
0.46 0.28 0 0
0.46 0.3 0 0
0.46 0.32 0 0
0.46 0.34 0 0
0.46 0.36 0 0
0.46 0.38 0 0
0.46 0.4 0 0
0.46 0.42 0 0
0.46 0.44 0 0
0.46 0.46 0 0
0.46 0.48 0 0
0.46 0.5 0 0
0.46 0.52 0 0
0.46 0.54 0 0
0.46 0.56 0 0
0.46 0.58 0 0
0.46 0.6 0 0
0.46 0.62 0 0
0.46 0.64 0 0
0.46 0.66 0 0
0.46 0.68 0 0
0.46 0.7 0 0
0.46 0.72 0 0
0.46 0.74 0 0
0.46 0.76 0 0
0.46 0.78 0 0
0.46 0.8 0 0
0.46 0.82 0 0
0.46 0.84 0 0
0.46 0.86 0 0
0.46 0.88 0 0
0.46 0.9 0 0
0.46 0.92 0 0
0.46 0.94 0 0
0.46 0.96 0 0
0.46 0.98 0 0
0.46 1 0 0

0.48 0 0 0
0.48 0.02 0 0
0.48 0.04 0 0
0.48 0.06 0 0
0.48 0.08 0 0
0.48 0.1 0 0
0.48 0.12 0 0
0.48 0.14 0 0
0.48 0.16 0 0
0.48 0.18 0 0
0.48 0.2 0 0
0.48 0.22 0 0
0.48 0.24 0 0
0.48 0.26 0 0
0.48 0.28 0 0
0.48 0.3 0 0
0.48 0.32 0 0
0.48 0.34 0 0
0.48 0.36 0 0
0.48 0.38 0 0
0.48 0.4 0 0
0.48 0.42 0 0
0.48 0.44 0 0
0.48 0.46 0 0
0.48 0.48 0 0
0.48 0.5 0 0
0.48 0.52 0 0
0.48 0.54 0 0
0.48 0.56 0 0
0.48 0.58 0 0
0.48 0.6 0 0
0.48 0.62 0 0
0.48 0.64 0 0
0.48 0.66 0 0
0.48 0.68 0 0
0.48 0.7 0 0
0.48 0.72 0 0
0.48 0.74 0 0
0.48 0.76 0 0
0.48 0.78 0 0
0.48 0.8 0 0
0.48 0.82 0 0
0.48 0.84 0 0
0.48 0.86 0 0
0.48 0.88 0 0
0.48 0.9 0 0
0.48 0.92 0 0
0.48 0.94 0 0
0.48 0.96 0 0
0.48 0.98 0 0
0.48 1 0 0

0.5 0 0 0
0.5 0.02 0 0
0.5 0.04 0 0
0.5 0.06 0 0
0.5 0.08 0 0
0.5 0.1 0 0
0.5 0.12 0 0
0.5 0.14 0 0
0.5 0.16 0 0
0.5 0.18 0 0
0.5 0.2 0 0
0.5 0.22 0 0
0.5 0.24 0 0
0.5 0.26 0 0
0.5 0.28 0 0
0.5 0.3 0 0
0.5 0.32 0 0
0.5 0.34 0 0
0.5 0.36 0 0
0.5 0.38 0 0
0.5 0.4 0 0
0.5 0.42 0 0
0.5 0.44 0 0
0.5 0.46 0 0
0.5 0.48 0 0
0.5 0.5 -0.000921357 0
0.5 0.52 -0.00183487 0
0.5 0.54 -0.00273248 0
0.5 0.56 -0.00360575 0
0.5 0.58 -0.00444567 0
0.5 0.6 -0.00524263 0
0.5 0.62 -0.00598638 0
0.5 0.64 -0.00666611 0
0.5 0.66 -0.00727057 0
0.5 0.68 -0.00778836 0
0.5 0.7 -0.00820824 0
0.5 0.72 -0.00851946 0
0.5 0.74 -0.00871224 0
0.5 0.76 -0.00877817 0
0.5 0.78 -0.00871069 0
0.5 0.8 -0.00850545 0
0.5 0.82 -0.00816075 0
0.5 0.84 -0.00767778 0
0.5 0.86 -0.00706084 0
0.5 0.88 -0.00631745 0
0.5 0.9 -0.00545836 0
0.5 0.92 -0.00449737 0
0.5 0.94 -0.0034511 0
0.5 0.96 -0.00233858 0
0.5 0.98 -0.00118078 0
0.5 1 0 0

0.52 0 0 0
0.52 0.02 0 0
0.52 0.04 0 0
0.52 0.06 0 0
0.52 0.08 0 0
0.52 0.1 0 0
0.52 0.12 0 0
0.52 0.14 0 0
0.52 0.16 0 0
0.52 0.18 0 0
0.52 0.2 0 0
0.52 0.22 0 0
0.52 0.24 0 0
0.52 0.26 0 0
0.52 0.28 0 0
0.52 0.3 0 0
0.52 0.32 0 0
0.52 0.34 0 0
0.52 0.36 0 0
0.52 0.38 0 0
0.52 0.4 0 0
0.52 0.42 0 0
0.52 0.44 0 0
0.52 0.46 0 0
0.52 0.48 0 0
0.52 0.5 -0.00185063 0
0.52 0.52 -0.00368578 0
0.52 0.54 -0.00548951 0
0.52 0.56 -0.00724508 0
0.52 0.58 -0.00893459 0
0.52 0.6 -0.0105388 0
0.52 0.62 -0.0120372 0
0.52 0.64 -0.0134079 0
0.52 0.66 -0.0146282 0
0.52 0.68 -0.0156751 0
0.52 0.7 -0.0165256 0
0.52 0.72 -0.0171578 0
0.52 0.74 -0.0175518 0
0.52 0.76 -0.0176902 0
0.52 0.78 -0.0175596 0
0.52 0.8 -0.0171508 0
0.52 0.82 -0.0164602 0
0.52 0.84 -0.0154899 0
0.52 0.86 -0.0142485 0
0.52 0.88 -0.012751 0
0.52 0.9 -0.0110189 0
0.52 0.92 -0.0090803 0
0.52 0.94 -0.00696866 0
0.52 0.96 -0.0047226 0
0.52 0.98 -0.00238463 0
0.52 1 0 0

0.54 0 0 0
0.54 0.02 0 0
0.54 0.04 0 0
0.54 0.06 0 0
0.54 0.08 0 0
0.54 0.1 0 0
0.54 0.12 0 0
0.54 0.14 0 0
0.54 0.16 0 0
0.54 0.18 0 0
0.54 0.2 0 0
0.54 0.22 0 0
0.54 0.24 0 0
0.54 0.26 0 0
0.54 0.28 0 0
0.54 0.3 0 0
0.54 0.32 0 0
0.54 0.34 0 0
0.54 0.36 0 0
0.54 0.38 0 0
0.54 0.4 0 0
0.54 0.42 0 0
0.54 0.44 0 0
0.54 0.46 0 0
0.54 0.48 0 0
0.54 0.5 -0.00279552 0
0.54 0.52 -0.00556835 0
0.54 0.54 -0.00829508 0
0.54 0.56 -0.010951 0
0.54 0.58 -0.0135093 0
0.54 0.6 -0.0159415 0
0.54 0.62 -0.0182163 0
0.54 0.64 -0.0203007 0
0.54 0.66 -0.0221601 0
0.54 0.68 -0.023759 0
0.54 0.7 -0.025062 0
0.54 0.72 -0.0260353 0
0.54 0.74 -0.0266477 0
0.54 0.76 -0.0268722 0
0.54 0.78 -0.0266874 0
0.54 0.8 -0.0260789 0
0.54 0.82 -0.0250402 0
0.54 0.84 -0.0235741 0
0.54 0.86 -0.0216931 0
0.54 0.88 -0.0194197 0
0.54 0.9 -0.0167868 0
0.54 0.92 -0.0138368 0
0.54 0.94 -0.0106211 0
0.54 0.96 -0.00719884 0
0.54 0.98 -0.00363529 0
0.54 1 0 0

0.56 0 0 0
0.56 0.02 0 0
0.56 0.04 0 0
0.56 0.06 0 0
0.56 0.08 0 0
0.56 0.1 0 0
0.56 0.12 0 0
0.56 0.14 0 0
0.56 0.16 0 0
0.56 0.18 0 0
0.56 0.2 0 0
0.56 0.22 0 0
0.56 0.24 0 0
0.56 0.26 0 0
0.56 0.28 0 0
0.56 0.3 0 0
0.56 0.32 0 0
0.56 0.34 0 0
0.56 0.36 0 0
0.56 0.38 0 0
0.56 0.4 0 0
0.56 0.42 0 0
0.56 0.44 0 0
0.56 0.46 0 0
0.56 0.48 0 0
0.56 0.5 -0.00376329 0
0.56 0.52 -0.0074974 0
0.56 0.54 -0.011172 0
0.56 0.56 -0.014755 0
0.56 0.58 -0.0182112 0
0.56 0.6 -0.0215023 0
0.56 0.62 -0.0245868 0
0.56 0.64 -0.0274197 0
0.56 0.66 -0.0299536 0
0.56 0.68 -0.0321399 0
0.56 0.7 -0.0339294 0
0.56 0.72 -0.0352749 0
0.56 0.74 -0.0361328 0
0.56 0.76 -0.0364648 0
0.56 0.78 -0.0362404 0
0.56 0.8 -0.0354384 0
0.56 0.82 -0.0340489 0
0.56 0.84 -0.0320744 0
0.56 0.86 -0.0295311 0
0.56 0.88 -0.0264491 0
0.56 0.9 -0.0228727 0
0.56 0.92 -0.0188598 0
0.56 0.94 -0.0144808 0
0.56 0.96 -0.00981686 0
0.56 0.98 -0.00495795 0
0.56 1 0 0

0.58 0 0 0
0.58 0.02 0 0
0.58 0.04 0 0
0.58 0.06 0 0
0.58 0.08 0 0
0.58 0.1 0 0
0.58 0.12 0 0
0.58 0.14 0 0
0.58 0.16 0 0
0.58 0.18 0 0
0.58 0.2 0 0
0.58 0.22 0 0
0.58 0.24 0 0
0.58 0.26 0 0
0.58 0.28 0 0
0.58 0.3 0 0
0.58 0.32 0 0
0.58 0.34 0 0
0.58 0.36 0 0
0.58 0.38 0 0
0.58 0.4 0 0
0.58 0.42 0 0
0.58 0.44 0 0
0.58 0.46 0 0
0.58 0.48 0 0
0.58 0.5 -0.00476051 0
0.58 0.52 -0.00948635 0
0.58 0.54 -0.0141414 0
0.58 0.56 -0.0186866 0
0.58 0.58 -0.023079 0
0.58 0.6 -0.027271 0
0.58 0.62 -0.03121 0
0.58 0.64 -0.0348388 0
0.58 0.66 -0.0380963 0
0.58 0.68 -0.0409188 0
0.58 0.7 -0.0432421 0
0.58 0.72 -0.0450037 0
0.58 0.74 -0.0461452 0
0.58 0.76 -0.0466153 0
0.58 0.78 -0.0463724 0
0.58 0.8 -0.045387 0
0.58 0.82 -0.0436441 0
0.58 0.84 -0.0411452 0
0.58 0.86 -0.0379094 0
0.58 0.88 -0.0339744 0
0.58 0.9 -0.0293966 0
0.58 0.92 -0.0242502 0
0.58 0.94 -0.0186263 0
0.58 0.96 -0.0126306 0
0.58 0.98 -0.00638001 0
0.58 1 0 0

0.6 0 0 0
0.6 0.02 0 0
0.6 0.04 0 0
0.6 0.06 0 0
0.6 0.08 0 0
0.6 0.1 0 0
0.6 0.12 0 0
0.6 0.14 0 0
0.6 0.16 0 0
0.6 0.18 0 0
0.6 0.2 0 0
0.6 0.22 0 0
0.6 0.24 0 0
0.6 0.26 0 0
0.6 0.28 0 0
0.6 0.3 0 0
0.6 0.32 0 0
0.6 0.34 0 0
0.6 0.36 0 0
0.6 0.38 0 0
0.6 0.4 0 0
0.6 0.42 0 0
0.6 0.44 0 0
0.6 0.46 0 0
0.6 0.48 0 0
0.6 0.5 -0.00579266 0
0.6 0.52 -0.0115467 0
0.6 0.54 -0.0172213 0
0.6 0.56 -0.0227719 0
0.6 0.58 -0.0281482 0
0.6 0.6 -0.0332938 0
0.6 0.62 -0.0381447 0
0.6 0.64 -0.0426306 0
0.6 0.66 -0.0466753 0
0.6 0.68 -0.0501984 0
0.6 0.7 -0.0531181 0
0.6 0.72 -0.0553541 0
0.6 0.74 -0.0568307 0
0.6 0.76 -0.0574807 0
0.6 0.78 -0.0572487 0
0.6 0.8 -0.0560949 0
0.6 0.82 -0.0539972 0
0.6 0.84 -0.0509547 0
0.6 0.86 -0.0469888 0
0.6 0.88 -0.0421444 0
0.6 0.9 -0.0364906 0
0.6 0.92 -0.0301196 0
0.6 0.94 -0.0231451 0
0.6 0.96 -0.0156999 0
0.6 0.98 -0.00793201 0
0.6 1 0 0

0.62 0 0 0
0.62 0.02 0 0
0.62 0.04 0 0
0.62 0.06 0 0
0.62 0.08 0 0
0.62 0.1 0 0
0.62 0.12 0 0
0.62 0.14 0 0
0.62 0.16 0 0
0.62 0.18 0 0
0.62 0.2 0 0
0.62 0.22 0 0
0.62 0.24 0 0
0.62 0.26 0 0
0.62 0.28 0 0
0.62 0.3 0 0
0.62 0.32 0 0
0.62 0.34 0 0
0.62 0.36 0 0
0.62 0.38 0 0
0.62 0.4 0 0
0.62 0.42 0 0
0.62 0.44 0 0
0.62 0.46 0 0
0.62 0.48 0 0
0.62 0.5 -0.00686379 0
0.62 0.52 -0.013687 0
0.62 0.54 -0.0204261 0
0.62 0.56 -0.0270323 0
0.62 0.58 -0.0334495 0
0.62 0.6 -0.0396124 0
0.62 0.62 -0.0454458 0
0.62 0.64 -0.0508651 0
0.62 0.66 -0.0557772 0
0.62 0.68 -0.0600828 0
0.62 0.7 -0.0636795 0
0.62 0.72 -0.0664655 0
0.62 0.74 -0.0683445 0
0.62 0.76 -0.0692297 0
0.62 0.78 -0.0690489 0
0.62 0.8 -0.0677485 0
0.62 0.82 -0.0652974 0
0.62 0.84 -0.06169 0
0.62 0.86 -0.0569489 0
0.62 0.88 -0.0511261 0
0.62 0.9 -0.044304 0
0.62 0.92 -0.0365942 0
0.62 0.94 -0.0281361 0
0.62 0.96 -0.0190931 0
0.62 0.98 -0.00964872 0
0.62 1 0 0

0.64 0 0 0
0.64 0.02 0 0
0.64 0.04 0 0
0.64 0.06 0 0
0.64 0.08 0 0
0.64 0.1 0 0
0.64 0.12 0 0
0.64 0.14 0 0
0.64 0.16 0 0
0.64 0.18 0 0
0.64 0.2 0 0
0.64 0.22 0 0
0.64 0.24 0 0
0.64 0.26 0 0
0.64 0.28 0 0
0.64 0.3 0 0
0.64 0.32 0 0
0.64 0.34 0 0
0.64 0.36 0 0
0.64 0.38 0 0
0.64 0.4 0 0
0.64 0.42 0 0
0.64 0.44 0 0
0.64 0.46 0 0
0.64 0.48 0 0
0.64 0.5 -0.00797588 0
0.64 0.52 -0.0159119 0
0.64 0.54 -0.0237645 0
0.64 0.56 -0.0314829 0
0.64 0.58 -0.0390063 0
0.64 0.6 -0.0462616 0
0.64 0.62 -0.0531622 0
0.64 0.64 -0.059608 0
0.64 0.66 -0.065487 0
0.64 0.68 -0.0706775 0
0.64 0.7 -0.0750528 0
0.64 0.72 -0.0784854 0
0.64 0.74 -0.0808535 0
0.64 0.76 -0.0820464 0
0.64 0.78 -0.0819706 0
0.64 0.8 -0.080555 0
0.64 0.82 -0.077756 0
0.64 0.84 -0.0735614 0
0.64 0.86 -0.067993 0
0.64 0.88 -0.0611097 0
0.64 0.9 -0.0530075 0
0.64 0.92 -0.0438195 0
0.64 0.94 -0.0337137 0
0.64 0.96 -0.0228892 0
0.64 0.98 -0.0115705 0
0.64 1 0 0

0.66 0 0 0
0.66 0.02 0 0
0.66 0.04 0 0
0.66 0.06 0 0
0.66 0.08 0 0
0.66 0.1 0 0
0.66 0.12 0 0
0.66 0.14 0 0
0.66 0.16 0 0
0.66 0.18 0 0
0.66 0.2 0 0
0.66 0.22 0 0
0.66 0.24 0 0
0.66 0.26 0 0
0.66 0.28 0 0
0.66 0.3 0 0
0.66 0.32 0 0
0.66 0.34 0 0
0.66 0.36 0 0
0.66 0.38 0 0
0.66 0.4 0 0
0.66 0.42 0 0
0.66 0.44 0 0
0.66 0.46 0 0
0.66 0.48 0 0
0.66 0.5 -0.00912814 0
0.66 0.52 -0.0182209 0
0.66 0.54 -0.0272379 0
0.66 0.56 -0.0361294 0
0.66 0.58 -0.0448322 0
0.66 0.6 -0.0532666 0
0.66 0.62 -0.0613343 0
0.66 0.64 -0.0689188 0
0.66 0.66 -0.0758861 0
0.66 0.68 -0.0820884 0
0.66 0.7 -0.0873695 0
0.66 0.72 -0.0915708 0
0.66 0.74 -0.0945388 0
0.66 0.76 -0.0961331 0
0.66 0.78 -0.0962335 0
0.66 0.8 -0.0947467 0
0.66 0.82 -0.0916125 0
0.66 0.84 -0.0868088 0
0.66 0.86 -0.0803549 0
0.66 0.88 -0.072315 0
0.66 0.9 -0.0627997 0
0.66 0.92 -0.0519652 0
0.66 0.94 -0.0400123 0
0.66 0.96 -0.0271811 0
0.66 0.98 -0.0137449 0
0.66 1 0 0

0.68 0 0 0
0.68 0.02 0 0
0.68 0.04 0 0
0.68 0.06 0 0
0.68 0.08 0 0
0.68 0.1 0 0
0.68 0.12 0 0
0.68 0.14 0 0
0.68 0.16 0 0
0.68 0.18 0 0
0.68 0.2 0 0
0.68 0.22 0 0
0.68 0.24 0 0
0.68 0.26 0 0
0.68 0.28 0 0
0.68 0.3 0 0
0.68 0.32 0 0
0.68 0.34 0 0
0.68 0.36 0 0
0.68 0.38 0 0
0.68 0.4 0 0
0.68 0.42 0 0
0.68 0.44 0 0
0.68 0.46 0 0
0.68 0.48 0 0
0.68 0.5 -0.0103161 0
0.68 0.52 -0.0206061 0
0.68 0.54 -0.0308375 0
0.68 0.56 -0.0409655 0
0.68 0.58 -0.0509274 0
0.68 0.6 -0.0606388 0
0.68 0.62 -0.0699904 0
0.68 0.64 -0.0788473 0
0.68 0.66 -0.0870504 0
0.68 0.68 -0.0944209 0
0.68 0.7 -0.100766 0
0.68 0.72 -0.10589 0
0.68 0.74 -0.109598 0
0.68 0.76 -0.111714 0
0.68 0.78 -0.112084 0
0.68 0.8 -0.110587 0
0.68 0.82 -0.107141 0
0.68 0.84 -0.101709 0
0.68 0.86 -0.0943054 0
0.68 0.88 -0.0849989 0
0.68 0.9 -0.073914 0
0.68 0.92 -0.0612324 0
0.68 0.94 -0.0471916 0
0.68 0.96 -0.0320802 0
0.68 0.98 -0.0162291 0
0.68 1 0 0

0.7 0 0 0
0.7 0.02 0 0
0.7 0.04 0 0
0.7 0.06 0 0
0.7 0.08 0 0
0.7 0.1 0 0
0.7 0.12 0 0
0.7 0.14 0 0
0.7 0.16 0 0
0.7 0.18 0 0
0.7 0.2 0 0
0.7 0.22 0 0
0.7 0.24 0 0
0.7 0.26 0 0
0.7 0.28 0 0
0.7 0.3 0 0
0.7 0.32 0 0
0.7 0.34 0 0
0.7 0.36 0 0
0.7 0.38 0 0
0.7 0.4 0 0
0.7 0.42 0 0
0.7 0.44 0 0
0.7 0.46 0 0
0.7 0.48 0 0
0.7 0.5 -0.0115306 0
0.7 0.52 -0.0230505 0
0.7 0.54 -0.0345412 0
0.7 0.56 -0.0459681 0
0.7 0.58 -0.0572736 0
0.7 0.6 -0.0683713 0
0.7 0.62 -0.0791414 0
0.7 0.64 -0.0894293 0
0.7 0.66 -0.099047 0
0.7 0.68 -0.107778 0
0.7 0.7 -0.115385 0
0.7 0.72 -0.121622 0
0.7 0.74 -0.126249 0
0.7 0.76 -0.129041 0
0.7 0.78 -0.129803 0
0.7 0.8 -0.128377 0
0.7 0.82 -0.124655 0
0.7 0.84 -0.118582 0
0.7 0.86 -0.110162 0
0.7 0.88 -0.0994645 0
0.7 0.9 -0.0866284 0
0.7 0.92 -0.0718621 0
0.7 0.94 -0.0554448 0
0.7 0.96 -0.0377214 0
0.7 0.98 -0.0190925 0
0.7 1 0 0

0.72 0 0 0
0.72 0.02 0 0
0.72 0.04 0 0
0.72 0.06 0 0
0.72 0.08 0 0
0.72 0.1 0 0
0.72 0.12 0 0
0.72 0.14 0 0
0.72 0.16 0 0
0.72 0.18 0 0
0.72 0.2 0 0
0.72 0.22 0 0
0.72 0.24 0 0
0.72 0.26 0 0
0.72 0.28 0 0
0.72 0.3 0 0
0.72 0.32 0 0
0.72 0.34 0 0
0.72 0.36 0 0
0.72 0.38 0 0
0.72 0.4 0 0
0.72 0.42 0 0
0.72 0.44 0 0
0.72 0.46 0 0
0.72 0.48 0 0
0.72 0.5 -0.0127558 0
0.72 0.52 -0.0255246 0
0.72 0.54 -0.0383092 0
0.72 0.56 -0.0510924 0
0.72 0.58 -0.0638277 0
0.72 0.6 -0.076431 0
0.72 0.62 -0.0887739 0
0.72 0.64 -0.100681 0
0.72 0.66 -0.111929 0
0.72 0.68 -0.122256 0
0.72 0.7 -0.13137 0
0.72 0.72 -0.138963 0
0.72 0.74 -0.144733 0
0.72 0.76 -0.148397 0
0.72 0.78 -0.149707 0
0.72 0.8 -0.148463 0
0.72 0.82 -0.144521 0
0.72 0.84 -0.137803 0
0.72 0.86 -0.128297 0
0.72 0.88 -0.116072 0
0.72 0.9 -0.101277 0
0.72 0.92 -0.0841467 0
0.72 0.94 -0.0650079 0
0.72 0.96 -0.0442709 0
0.72 0.98 -0.0224211 0
0.72 1 0 0

0.74 0 0 0
0.74 0.02 0 0
0.74 0.04 0 0
0.74 0.06 0 0
0.74 0.08 0 0
0.74 0.1 0 0
0.74 0.12 0 0
0.74 0.14 0 0
0.74 0.16 0 0
0.74 0.18 0 0
0.74 0.2 0 0
0.74 0.22 0 0
0.74 0.24 0 0
0.74 0.26 0 0
0.74 0.28 0 0
0.74 0.3 0 0
0.74 0.32 0 0
0.74 0.34 0 0
0.74 0.36 0 0
0.74 0.38 0 0
0.74 0.4 0 0
0.74 0.42 0 0
0.74 0.44 0 0
0.74 0.46 0 0
0.74 0.48 0 0
0.74 0.5 -0.0139683 0
0.74 0.52 -0.0279831 0
0.74 0.54 -0.0420787 0
0.74 0.56 -0.0562646 0
0.74 0.58 -0.0705136 0
0.74 0.6 -0.0847502 0
0.74 0.62 -0.0988409 0
0.74 0.64 -0.112588 0
0.74 0.66 -0.125729 0
0.74 0.68 -0.137944 0
0.74 0.7 -0.14887 0
0.74 0.72 -0.158122 0
0.74 0.74 -0.165318 0
0.74 0.76 -0.170102 0
0.74 0.78 -0.172161 0
0.74 0.8 -0.171244 0
0.74 0.82 -0.167164 0
0.74 0.84 -0.159811 0
0.74 0.86 -0.149155 0
0.74 0.88 -0.135254 0
0.74 0.9 -0.118263 0
0.74 0.92 -0.0984447 0
0.74 0.94 -0.0761735 0
0.74 0.96 -0.0519367 0
0.74 0.98 -0.0263231 0
0.74 1 0 0

0.76 0 0 0
0.76 0.02 0 0
0.76 0.04 0 0
0.76 0.06 0 0
0.76 0.08 0 0
0.76 0.1 0 0
0.76 0.12 0 0
0.76 0.14 0 0
0.76 0.16 0 0
0.76 0.18 0 0
0.76 0.2 0 0
0.76 0.22 0 0
0.76 0.24 0 0
0.76 0.26 0 0
0.76 0.28 0 0
0.76 0.3 0 0
0.76 0.32 0 0
0.76 0.34 0 0
0.76 0.36 0 0
0.76 0.38 0 0
0.76 0.4 0 0
0.76 0.42 0 0
0.76 0.44 0 0
0.76 0.46 0 0
0.76 0.48 0 0
0.76 0.5 -0.0151344 0
0.76 0.52 -0.0303611 0
0.76 0.54 -0.0457578 0
0.76 0.56 -0.0613732 0
0.76 0.58 -0.0772108 0
0.76 0.6 -0.0932135 0
0.76 0.62 -0.109249 0
0.76 0.64 -0.125097 0
0.76 0.66 -0.14045 0
0.76 0.68 -0.154915 0
0.76 0.7 -0.168038 0
0.76 0.72 -0.17933 0
0.76 0.74 -0.188309 0
0.76 0.76 -0.194523 0
0.76 0.78 -0.197586 0
0.76 0.8 -0.197181 0
0.76 0.82 -0.193076 0
0.76 0.84 -0.185121 0
0.76 0.86 -0.173258 0
0.76 0.88 -0.157527 0
0.76 0.9 -0.138081 0
0.76 0.92 -0.115201 0
0.76 0.94 -0.0893099 0
0.76 0.96 -0.0609834 0
0.76 0.98 -0.0309372 0
0.76 1 0 0

0.78 0 0 0
0.78 0.02 0 0
0.78 0.04 0 0
0.78 0.06 0 0
0.78 0.08 0 0
0.78 0.1 0 0
0.78 0.12 0 0
0.78 0.14 0 0
0.78 0.16 0 0
0.78 0.18 0 0
0.78 0.2 0 0
0.78 0.22 0 0
0.78 0.24 0 0
0.78 0.26 0 0
0.78 0.28 0 0
0.78 0.3 0 0
0.78 0.32 0 0
0.78 0.34 0 0
0.78 0.36 0 0
0.78 0.38 0 0
0.78 0.4 0 0
0.78 0.42 0 0
0.78 0.44 0 0
0.78 0.46 0 0
0.78 0.48 0 0
0.78 0.5 -0.0162084 0
0.78 0.52 -0.032569 0
0.78 0.54 -0.049218 0
0.78 0.56 -0.0662586 0
0.78 0.58 -0.0837411 0
0.78 0.6 -0.101642 0
0.78 0.62 -0.119839 0
0.78 0.64 -0.138097 0
0.78 0.66 -0.156052 0
0.78 0.68 -0.17322 0
0.78 0.7 -0.189025 0
0.78 0.72 -0.202841 0
0.78 0.74 -0.21405 0
0.78 0.76 -0.222086 0
0.78 0.78 -0.226467 0
0.78 0.8 -0.226811 0
0.78 0.82 -0.222831 0
0.78 0.84 -0.214335 0
0.78 0.86 -0.201228 0
0.78 0.88 -0.183518 0
0.78 0.9 -0.161338 0
0.78 0.92 -0.134972 0
0.78 0.94 -0.104888 0
0.78 0.96 -0.0717552 0
0.78 0.98 -0.0364457 0
0.78 1 0 0

0.8 0 0 0
0.8 0.02 0 0
0.8 0.04 0 0
0.8 0.06 0 0
0.8 0.08 0 0
0.8 0.1 0 0
0.8 0.12 0 0
0.8 0.14 0 0
0.8 0.16 0 0
0.8 0.18 0 0
0.8 0.2 0 0
0.8 0.22 0 0
0.8 0.24 0 0
0.8 0.26 0 0
0.8 0.28 0 0
0.8 0.3 0 0
0.8 0.32 0 0
0.8 0.34 0 0
0.8 0.36 0 0
0.8 0.38 0 0
0.8 0.4 0 0
0.8 0.42 0 0
0.8 0.44 0 0
0.8 0.46 0 0
0.8 0.48 0 0
0.8 0.5 -0.0171301 0
0.8 0.52 -0.0344882 0
0.8 0.54 -0.052286 0
0.8 0.56 -0.0707008 0
0.8 0.58 -0.0898512 0
0.8 0.6 -0.109769 0
0.8 0.62 -0.130364 0
0.8 0.64 -0.151392 0
0.8 0.66 -0.17243 0
0.8 0.68 -0.192876 0
0.8 0.7 -0.211986 0
0.8 0.72 -0.228943 0
0.8 0.74 -0.242947 0
0.8 0.76 -0.253284 0
0.8 0.78 -0.25937 0
0.8 0.8 -0.26075 0
0.8 0.82 -0.25709 0
0.8 0.84 -0.248153 0
0.8 0.86 -0.233797 0
0.8 0.88 -0.213979 0
0.8 0.9 -0.188784 0
0.8 0.92 -0.15847 0
0.8 0.94 -0.123523 0
0.8 0.96 -0.08471 0
0.8 0.98 -0.0430943 0
0.8 1 0 0

0.82 0 0 0
0.82 0.02 0 0
0.82 0.04 0 0
0.82 0.06 0 0
0.82 0.08 0 0
0.82 0.1 0 0
0.82 0.12 0 0
0.82 0.14 0 0
0.82 0.16 0 0
0.82 0.18 0 0
0.82 0.2 0 0
0.82 0.22 0 0
0.82 0.24 0 0
0.82 0.26 0 0
0.82 0.28 0 0
0.82 0.3 0 0
0.82 0.32 0 0
0.82 0.34 0 0
0.82 0.36 0 0
0.82 0.38 0 0
0.82 0.4 0 0
0.82 0.42 0 0
0.82 0.44 0 0
0.82 0.46 0 0
0.82 0.48 0 0
0.82 0.5 -0.0178237 0
0.82 0.52 -0.0359672 0
0.82 0.54 -0.0547364 0
0.82 0.56 -0.0744055 0
0.82 0.58 -0.0951911 0
0.82 0.6 -0.117214 0
0.82 0.62 -0.140448 0
0.82 0.64 -0.164666 0
0.82 0.66 -0.189385 0
0.82 0.68 -0.213851 0
0.82 0.7 -0.237079 0
0.82 0.72 -0.257976 0
0.82 0.74 -0.275484 0
0.82 0.76 -0.288709 0
0.82 0.78 -0.296954 0
0.82 0.8 -0.299709 0
0.82 0.82 -0.296607 0
0.82 0.84 -0.287377 0
0.82 0.86 -0.271821 0
0.82 0.88 -0.249816 0
0.82 0.9 -0.221353 0
0.82 0.92 -0.186606 0
0.82 0.94 -0.146033 0
0.82 0.96 -0.100476 0
0.82 0.98 -0.0512271 0
0.82 1 0 0

0.84 0 0 0
0.84 0.02 0 0
0.84 0.04 0 0
0.84 0.06 0 0
0.84 0.08 0 0
0.84 0.1 0 0
0.84 0.12 0 0
0.84 0.14 0 0
0.84 0.16 0 0
0.84 0.18 0 0
0.84 0.2 0 0
0.84 0.22 0 0
0.84 0.24 0 0
0.84 0.26 0 0
0.84 0.28 0 0
0.84 0.3 0 0
0.84 0.32 0 0
0.84 0.34 0 0
0.84 0.36 0 0
0.84 0.38 0 0
0.84 0.4 0 0
0.84 0.42 0 0
0.84 0.44 0 0
0.84 0.46 0 0
0.84 0.48 0 0
0.84 0.5 -0.0181975 0
0.84 0.52 -0.0368201 0
0.84 0.54 -0.0562856 0
0.84 0.56 -0.0769918 0
0.84 0.58 -0.0992904 0
0.84 0.6 -0.123441 0
0.84 0.62 -0.149541 0
0.84 0.64 -0.177427 0
0.84 0.66 -0.206577 0
0.84 0.68 -0.23604 0
0.84 0.7 -0.264477 0
0.84 0.72 -0.290363 0
0.84 0.74 -0.312271 0
0.84 0.76 -0.329078 0
0.84 0.78 -0.339993 0
0.84 0.8 -0.344494 0
0.84 0.82 -0.342226 0
0.84 0.84 -0.332908 0
0.84 0.86 -0.316282 0
0.84 0.88 -0.292107 0
0.84 0.9 -0.260207 0
0.84 0.92 -0.220576 0
0.84 0.94 -0.173538 0
0.84 0.96 -0.119946 0
0.84 0.98 -0.0613452 0
0.84 1 0 0

0.86 0 0 0
0.86 0.02 0 0
0.86 0.04 0 0
0.86 0.06 0 0
0.86 0.08 0 0
0.86 0.1 0 0
0.86 0.12 0 0
0.86 0.14 0 0
0.86 0.16 0 0
0.86 0.18 0 0
0.86 0.2 0 0
0.86 0.22 0 0
0.86 0.24 0 0
0.86 0.26 0 0
0.86 0.28 0 0
0.86 0.3 0 0
0.86 0.32 0 0
0.86 0.34 0 0
0.86 0.36 0 0
0.86 0.38 0 0
0.86 0.4 0 0
0.86 0.42 0 0
0.86 0.44 0 0
0.86 0.46 0 0
0.86 0.48 0 0
0.86 0.5 -0.0181461 0
0.86 0.52 -0.0368295 0
0.86 0.54 -0.0565931 0
0.86 0.56 -0.0779837 0
0.86 0.58 -0.101534 0
0.86 0.6 -0.127713 0
0.86 0.62 -0.156836 0
0.86 0.64 -0.188909 0
0.86 0.66 -0.223434 0
0.86 0.68 -0.259224 0
0.86 0.7 -0.29439 0
0.86 0.72 -0.326682 0
0.86 0.74 -0.354112 0
0.86 0.76 -0.375289 0
0.86 0.78 -0.389395 0
0.86 0.8 -0.396003 0
0.86 0.82 -0.394856 0
0.86 0.84 -0.385716 0
0.86 0.86 -0.36827 0
0.86 0.88 -0.342112 0
0.86 0.9 -0.306792 0
0.86 0.92 -0.26196 0
0.86 0.94 -0.20761 0
0.86 0.96 -0.144438 0
0.86 0.98 -0.0742179 0
0.86 1 0 0

0.88 0 0 0
0.88 0.02 0 0
0.88 0.04 0 0
0.88 0.06 0 0
0.88 0.08 0 0
0.88 0.1 0 0
0.88 0.12 0 0
0.88 0.14 0 0
0.88 0.16 0 0
0.88 0.18 0 0
0.88 0.2 0 0
0.88 0.22 0 0
0.88 0.24 0 0
0.88 0.26 0 0
0.88 0.28 0 0
0.88 0.3 0 0
0.88 0.32 0 0
0.88 0.34 0 0
0.88 0.36 0 0
0.88 0.38 0 0
0.88 0.4 0 0
0.88 0.42 0 0
0.88 0.44 0 0
0.88 0.46 0 0
0.88 0.48 0 0
0.88 0.5 -0.0175572 0
0.88 0.52 -0.0357582 0
0.88 0.54 -0.0552725 0
0.88 0.56 -0.0768143 0
0.88 0.58 -0.101144 0
0.88 0.6 -0.129035 0
0.88 0.62 -0.161168 0
0.88 0.64 -0.197921 0
0.88 0.66 -0.238999 0
0.88 0.68 -0.282993 0
0.88 0.7 -0.327126 0
0.88 0.72 -0.367804 0
0.88 0.74 -0.40214 0
0.88 0.76 -0.428499 0
0.88 0.78 -0.446229 0
0.88 0.8 -0.455203 0
0.88 0.82 -0.455424 0
0.88 0.84 -0.446784 0
0.88 0.86 -0.428937 0
0.88 0.88 -0.401258 0
0.88 0.9 -0.362884 0
0.88 0.92 -0.312868 0
0.88 0.94 -0.250521 0
0.88 0.96 -0.175996 0
0.88 0.98 -0.0911023 0
0.88 1 0 0

0.9 0 0 0
0.9 0.02 0 0
0.9 0.04 0 0
0.9 0.06 0 0
0.9 0.08 0 0
0.9 0.1 0 0
0.9 0.12 0 0
0.9 0.14 0 0
0.9 0.16 0 0
0.9 0.18 0 0
0.9 0.2 0 0
0.9 0.22 0 0
0.9 0.24 0 0
0.9 0.26 0 0
0.9 0.28 0 0
0.9 0.3 0 0
0.9 0.32 0 0
0.9 0.34 0 0
0.9 0.36 0 0
0.9 0.38 0 0
0.9 0.4 0 0
0.9 0.42 0 0
0.9 0.44 0 0
0.9 0.46 0 0
0.9 0.48 0 0
0.9 0.5 -0.0163242 0
0.9 0.52 -0.0333732 0
0.9 0.54 -0.0519239 0
0.9 0.56 -0.0728553 0
0.9 0.58 -0.0971903 0
0.9 0.6 -0.126107 0
0.9 0.62 -0.160872 0
0.9 0.64 -0.202587 0
0.9 0.66 -0.251617 0
0.9 0.68 -0.306574 0
0.9 0.7 -0.363251 0
0.9 0.72 -0.415184 0
0.9 0.74 -0.458055 0
0.9 0.76 -0.49024 0
0.9 0.78 -0.511726 0
0.9 0.8 -0.523069 0
0.9 0.82 -0.524774 0
0.9 0.84 -0.516993 0
0.9 0.86 -0.499386 0
0.9 0.88 -0.471067 0
0.9 0.9 -0.430602 0
0.9 0.92 -0.376112 0
0.9 0.94 -0.305629 0
0.9 0.96 -0.217947 0
0.9 0.98 -0.114215 0
0.9 1 0 0

0.92 0 0 0
0.92 0.02 0 0
0.92 0.04 0 0
0.92 0.06 0 0
0.92 0.08 0 0
0.92 0.1 0 0
0.92 0.12 0 0
0.92 0.14 0 0
0.92 0.16 0 0
0.92 0.18 0 0
0.92 0.2 0 0
0.92 0.22 0 0
0.92 0.24 0 0
0.92 0.26 0 0
0.92 0.28 0 0
0.92 0.3 0 0
0.92 0.32 0 0
0.92 0.34 0 0
0.92 0.36 0 0
0.92 0.38 0 0
0.92 0.4 0 0
0.92 0.42 0 0
0.92 0.44 0 0
0.92 0.46 0 0
0.92 0.48 0 0
0.92 0.5 -0.0143664 0
0.92 0.52 -0.0294866 0
0.92 0.54 -0.0461943 0
0.92 0.56 -0.0654919 0
0.92 0.58 -0.0886526 0
0.92 0.6 -0.117328 0
0.92 0.62 -0.153614 0
0.92 0.64 -0.199919 0
0.92 0.66 -0.258273 0
0.92 0.68 -0.328373 0
0.92 0.7 -0.40403 0
0.92 0.72 -0.471514 0
0.92 0.74 -0.524529 0
0.92 0.76 -0.56255 0
0.92 0.78 -0.587237 0
0.92 0.8 -0.600453 0
0.92 0.82 -0.603504 0
0.92 0.84 -0.596934 0
0.92 0.86 -0.580471 0
0.92 0.88 -0.552968 0
0.92 0.9 -0.512314 0
0.92 0.92 -0.455341 0
0.92 0.94 -0.377952 0
0.92 0.96 -0.27598 0
0.92 0.98 -0.147838 0
0.92 1 0 0

0.94 0 0 0
0.94 0.02 0 0
0.94 0.04 0 0
0.94 0.06 0 0
0.94 0.08 0 0
0.94 0.1 0 0
0.94 0.12 0 0
0.94 0.14 0 0
0.94 0.16 0 0
0.94 0.18 0 0
0.94 0.2 0 0
0.94 0.22 0 0
0.94 0.24 0 0
0.94 0.26 0 0
0.94 0.28 0 0
0.94 0.3 0 0
0.94 0.32 0 0
0.94 0.34 0 0
0.94 0.36 0 0
0.94 0.38 0 0
0.94 0.4 0 0
0.94 0.42 0 0
0.94 0.44 0 0
0.94 0.46 0 0
0.94 0.48 0 0
0.94 0.5 -0.0116548 0
0.94 0.52 -0.0240124 0
0.94 0.54 -0.0378751 0
0.94 0.56 -0.0542659 0
0.94 0.58 -0.0746002 0
0.94 0.6 -0.100937 0
0.94 0.62 -0.136329 0
0.94 0.64 -0.185188 0
0.94 0.66 -0.253143 0
0.94 0.68 -0.344542 0
0.94 0.7 -0.452857 0
0.94 0.72 -0.542152 0
0.94 0.74 -0.605817 0
0.94 0.76 -0.648013 0
0.94 0.78 -0.674049 0
0.94 0.8 -0.68784 0
0.94 0.82 -0.691708 0
0.94 0.84 -0.68664 0
0.94 0.86 -0.672485 0
0.94 0.88 -0.647932 0
0.94 0.9 -0.610283 0
0.94 0.92 -0.554959 0
0.94 0.94 -0.474867 0
0.94 0.96 -0.36022 0
0.94 0.98 -0.2012 0
0.94 1 0 0

0.96 0 0 0
0.96 0.02 0 0
0.96 0.04 0 0
0.96 0.06 0 0
0.96 0.08 0 0
0.96 0.1 0 0
0.96 0.12 0 0
0.96 0.14 0 0
0.96 0.16 0 0
0.96 0.18 0 0
0.96 0.2 0 0
0.96 0.22 0 0
0.96 0.24 0 0
0.96 0.26 0 0
0.96 0.28 0 0
0.96 0.3 0 0
0.96 0.32 0 0
0.96 0.34 0 0
0.96 0.36 0 0
0.96 0.38 0 0
0.96 0.4 0 0
0.96 0.42 0 0
0.96 0.44 0 0
0.96 0.46 0 0
0.96 0.48 0 0
0.96 0.5 -0.00824047 0
0.96 0.52 -0.0170337 0
0.96 0.54 -0.0270284 0
0.96 0.56 -0.0390977 0
0.96 0.58 -0.054547 0
0.96 0.6 -0.0754916 0
0.96 0.62 -0.105578 0
0.96 0.64 -0.151352 0
0.96 0.66 -0.22454 0
0.96 0.68 -0.343709 0
0.96 0.7 -0.520513 0
0.96 0.72 -0.638176 0
0.96 0.74 -0.708322 0
0.96 0.76 -0.749395 0
0.96 0.78 -0.772881 0
0.96 0.8 -0.784945 0
0.96 0.82 -0.788656 0
0.96 0.84 -0.785262 0
0.96 0.86 -0.774739 0
0.96 0.88 -0.755858 0
0.96 0.9 -0.725819 0
0.96 0.92 -0.679275 0
0.96 0.94 -0.606315 0
0.96 0.96 -0.488868 0
0.96 0.98 -0.296804 0
0.96 1 0 0

0.98 0 0 0
0.98 0.02 0 0
0.98 0.04 0 0
0.98 0.06 0 0
0.98 0.08 0 0
0.98 0.1 0 0
0.98 0.12 0 0
0.98 0.14 0 0
0.98 0.16 0 0
0.98 0.18 0 0
0.98 0.2 0 0
0.98 0.22 0 0
0.98 0.24 0 0
0.98 0.26 0 0
0.98 0.28 0 0
0.98 0.3 0 0
0.98 0.32 0 0
0.98 0.34 0 0
0.98 0.36 0 0
0.98 0.38 0 0
0.98 0.4 0 0
0.98 0.42 0 0
0.98 0.44 0 0
0.98 0.46 0 0
0.98 0.48 0 0
0.98 0.5 -0.00427353 0
0.98 0.52 -0.00885377 0
0.98 0.54 -0.0141082 0
0.98 0.56 -0.0205514 0
0.98 0.58 -0.0290012 0
0.98 0.6 -0.0409088 0
0.98 0.62 -0.0591466 0
0.98 0.64 -0.0901072 0
0.98 0.66 -0.149945 0
0.98 0.68 -0.285156 0
0.98 0.7 -0.646969 0
0.98 0.72 -0.781331 0
0.98 0.74 -0.839544 0
0.98 0.76 -0.868045 0
0.98 0.78 -0.882852 0
0.98 0.8 -0.890143 0
0.98 0.82 -0.892469 0
0.98 0.84 -0.890787 0
0.98 0.86 -0.885136 0
0.98 0.88 -0.874739 0
0.98 0.9 -0.857675 0
0.98 0.92 -0.829849 0
0.98 0.94 -0.782144 0
0.98 0.96 -0.692119 0
0.98 0.98 -0.497233 0
0.98 1 0 0

1 0 0 0
1 0.02 0 0
1 0.04 0 0
1 0.06 0 0
1 0.08 0 0
1 0.1 0 0
1 0.12 0 0
1 0.14 0 0
1 0.16 0 0
1 0.18 0 0
1 0.2 0 0
1 0.22 0 0
1 0.24 0 0
1 0.26 0 0
1 0.28 0 0
1 0.3 0 0
1 0.32 0 0
1 0.34 0 0
1 0.36 0 0
1 0.38 0 0
1 0.4 0 0
1 0.42 0 0
1 0.44 0 0
1 0.46 0 0
1 0.48 0 0
1 0.5 0 0
1 0.52 0 0
1 0.54 0 0
1 0.56 0 0
1 0.58 0 0
1 0.6 0 0
1 0.62 0 0
1 0.64 0 0
1 0.66 0 0
1 0.68 0 0
1 0.7 0 0
1 0.72 0 0
1 0.74 0 0
1 0.76 0 0
1 0.78 0 0
1 0.8 0 0
1 0.82 0 0
1 0.84 0 0
1 0.86 0 0
1 0.88 0 0
1 0.9 0 0
1 0.92 0 0
1 0.94 0 0
1 0.96 0 0
1 0.98 0 0
1 1 0 0

