1 0.5 0.543887
1 0.52 0.564259
1 0.54 0.584537
1 0.56 0.604713
1 0.58 0.624778
1 0.6 0.644722
1 0.62 0.664535
1 0.64 0.684206
1 0.66 0.703725
1 0.68 0.723081
1 0.7 0.742261
1 0.72 0.761255
1 0.74 0.780048
1 0.76 0.798629
1 0.78 0.816985
1 0.8 0.835101
1 0.82 0.852965
1 0.84 0.870562
1 0.86 0.887879
1 0.88 0.9049
1 0.9 0.921612
1 0.92 0.937999
1 0.94 0.954046
1 0.96 0.969739
1 0.98 0.985062
1.02 0.5 0.55764
1.02 0.52 0.57861
1.02 0.54 0.599493
1.02 0.56 0.62028
1.02 0.58 0.640961
1.02 0.6 0.661528
1.02 0.62 0.681969
1.02 0.64 0.702275
1.02 0.66 0.722434
1.02 0.68 0.742436
1.02 0.7 0.762267
1.02 0.72 0.781915
1.02 0.74 0.801369
1.02 0.76 0.820615
1.02 0.78 0.83964
1.02 0.8 0.858429
1.02 0.82 0.87697
1.02 0.84 0.895247
1.02 0.86 0.913246
1.02 0.88 0.930953
1.02 0.9 0.948352
1.02 0.92 0.965429
1.02 0.94 0.982167
1.02 0.96 0.998552
1.02 0.98 1.01457
1.04 0.5 0.571473
1.04 0.52 0.59305
1.04 0.54 0.614546
1.04 0.56 0.635953
1.04 0.58 0.657261
1.04 0.6 0.678461
1.04 0.62 0.699542
1.04 0.64 0.720493
1.04 0.66 0.741304
1.04 0.68 0.761962
1.04 0.7 0.782456
1.04 0.72 0.802773
1.04 0.74 0.8229
1.04 0.76 0.842824
1.04 0.78 0.862531
1.04 0.8 0.882007
1.04 0.82 0.901239
1.04 0.84 0.92021
1.04 0.86 0.938907
1.04 0.88 0.957314
1.04 0.9 0.975416
1.04 0.92 0.993197
1.04 0.94 1.01064
1.04 0.96 1.02773
1.04 0.98 1.04446
1.06 0.5 0.585381
1.06 0.52 0.607573
1.06 0.54 0.629691
1.06 0.56 0.651727
1.06 0.58 0.673671
1.06 0.6 0.695514
1.06 0.62 0.717245
1.06 0.64 0.738853
1.06 0.66 0.760327
1.06 0.68 0.781654
1.06 0.7 0.802823
1.06 0.72 0.823821
1.06 0.74 0.844635
1.06 0.76 0.86525
1.06 0.78 0.885654
1.06 0.8 0.905832
1.06 0.82 0.925768
1.06 0.84 0.945449
1.06 0.86 0.964858
1.06 0.88 0.983981
1.06 0.9 1.0028
1.06 0.92 1.0213
1.06 0.94 1.03947
1.06 0.96 1.05729
1.06 0.98 1.07473
1.08 0.5 0.599356
1.08 0.52 0.622171
1.08 0.54 0.64492
1.08 0.56 0.667595
1.08 0.58 0.690185
1.08 0.6 0.712682
1.08 0.62 0.735073
1.08 0.64 0.757349
1.08 0.66 0.779497
1.08 0.68 0.801506
1.08 0.7 0.823364
1.08 0.72 0.845056
1.08 0.74 0.866569
1.08 0.76 0.88789
1.08 0.78 0.909005
1.08 0.8 0.929898
1.08 0.82 0.950555
1.08 0.84 0.970959
1.08 0.86 0.991097
1.08 0.88 1.01095
1.08 0.9 1.0305
1.08 0.92 1.04974
1.08 0.94 1.06865
1.08 0.96 1.0872
1.08 0.98 1.10539
1.1 0.5 0.61339
1.1 0.52 0.636837
1.1 0.54 0.660226
1.1 0.56 0.683548
1.1 0.58 0.706795
1.1 0.6 0.729955
1.1 0.62 0.753019
1.1 0.64 0.775974
1.1 0.66 0.798809
1.1 0.68 0.821512
1.1 0.7 0.84407
1.1 0.72 0.86647
1.1 0.74 0.888697
1.1 0.76 0.910738
1.1 0.78 0.932578
1.1 0.8 0.954202
1.1 0.82 0.975594
1.1 0.84 0.996738
1.1 0.86 1.01762
1.1 0.88 1.03822
1.1 0.9 1.05852
1.1 0.92 1.07852
1.1 0.94 1.09818
1.1 0.96 1.11749
1.1 0.98 1.13644
1.12 0.5 0.627475
1.12 0.52 0.651562
1.12 0.54 0.6756
1.12 0.56 0.69958
1.12 0.58 0.723493
1.12 0.6 0.747328
1.12 0.62 0.771074
1.12 0.64 0.794721
1.12 0.66 0.818255
1.12 0.68 0.841665
1.12 0.7 0.864937
1.12 0.72 0.888058
1.12 0.74 0.911013
1.12 0.76 0.933788
1.12 0.78 0.956369
1.12 0.8 0.978738
1.12 0.82 1.00088
1.12 0.84 1.02278
1.12 0.86 1.04442
1.12 0.88 1.06579
1.12 0.9 1.08686
1.12 0.92 1.10762
1.12 0.94 1.12805
1.12 0.96 1.14814
1.12 0.98 1.16786
1.14 0.5 0.641602
1.14 0.52 0.666338
1.14 0.54 0.691034
1.14 0.56 0.715681
1.14 0.58 0.74027
1.14 0.6 0.764791
1.14 0.62 0.789232
1.14 0.64 0.813581
1.14 0.66 0.837827
1.14 0.68 0.861957
1.14 0.7 0.885956
1.14 0.72 0.909812
1.14 0.74 0.93351
1.14 0.76 0.957035
1.14 0.78 0.980371
1.14 0.8 1.0035
1.14 0.82 1.02641
1.14 0.84 1.04909
1.14 0.86 1.0715
1.14 0.88 1.09365
1.14 0.9 1.11551
1.14 0.92 1.13705
1.14 0.94 1.15827
1.14 0.96 1.17915
1.14 0.98 1.19967
1.16 0.5 0.655763
1.16 0.52 0.681155
1.16 0.54 0.706518
1.16 0.56 0.731842
1.16 0.58 0.757118
1.16 0.6 0.782335
1.16 0.62 0.807482
1.16 0.64 0.832547
1.16 0.66 0.857517
1.16 0.68 0.88238
1.16 0.7 0.907121
1.16 0.72 0.931727
1.16 0.74 0.956182
1.16 0.76 0.980471
1.16 0.78 1.00458
1.16 0.8 1.02849
1.16 0.82 1.05218
1.16 0.84 1.07564
1.16 0.86 1.09886
1.16 0.88 1.1218
1.16 0.9 1.14446
1.16 0.92 1.16681
1.16 0.94 1.18884
1.16 0.96 1.21053
1.16 0.98 1.23186
1.18 0.5 0.669946
1.18 0.52 0.696004
1.18 0.54 0.722043
1.18 0.56 0.748054
1.18 0.58 0.774027
1.18 0.6 0.799951
1.18 0.62 0.825816
1.18 0.64 0.851608
1.18 0.66 0.877316
1.18 0.68 0.902925
1.18 0.7 0.928422
1.18 0.72 0.953793
1.18 0.74 0.979021
1.18 0.76 1.00409
1.18 0.78 1.02899
1.18 0.8 1.05369
1.18 0.82 1.07819
1.18 0.84 1.10245
1.18 0.86 1.12648
1.18 0.88 1.15024
1.18 0.9 1.17372
1.18 0.92 1.1969
1.18 0.94 1.21975
1.18 0.96 1.24227
1.18 0.98 1.26442
1.2 0.5 0.684141
1.2 0.52 0.710873
1.2 0.54 0.737597
1.2 0.56 0.764305
1.2 0.58 0.790986
1.2 0.6 0.817629
1.2 0.62 0.844224
1.2 0.64 0.870757
1.2 0.66 0.897215
1.2 0.68 0.923585
1.2 0.7 0.949852
1.2 0.72 0.976002
1.2 0.74 1.00202
1.2 0.76 1.02789
1.2 0.78 1.05359
1.2 0.8 1.0791
1.2 0.82 1.10442
1.2 0.84 1.12951
1.2 0.86 1.15437
1.2 0.88 1.17896
1.2 0.9 1.20328
1.2 0.92 1.2273
1.2 0.94 1.251
1.2 0.96 1.27437
1.2 0.98 1.29737
1.22 0.5 0.698337
1.22 0.52 0.725751
1.22 0.54 0.75317
1.22 0.56 0.780585
1.22 0.58 0.807984
1.22 0.6 0.835358
1.22 0.62 0.862695
1.22 0.64 0.889981
1.22 0.66 0.917204
1.22 0.68 0.944349
1.22 0.7 0.971402
1.22 0.72 0.998347
1.22 0.74 1.02517
1.22 0.76 1.05185
1.22 0.78 1.07837
1.22 0.8 1.10472
1.22 0.82 1.13087
1.22 0.84 1.15681
1.22 0.86 1.18251
1.22 0.88 1.20796
1.22 0.9 1.23314
1.22 0.92 1.25802
1.22 0.94 1.28259
1.22 0.96 1.30683
1.22 0.98 1.3307
1.24 0.5 0.712521
1.24 0.52 0.740626
1.24 0.54 0.768749
1.24 0.56 0.796881
1.24 0.58 0.82501
1.24 0.6 0.853127
1.24 0.62 0.881217
1.24 0.64 0.90927
1.24 0.66 0.937271
1.24 0.68 0.965206
1.24 0.7 0.99306
1.24 0.72 1.02082
1.24 0.74 1.04846
1.24 0.76 1.07597
1.24 0.78 1.10333
1.24 0.8 1.13053
1.24 0.82 1.15753
1.24 0.84 1.18434
1.24 0.86 1.21091
1.24 0.88 1.23724
1.24 0.9 1.26329
1.24 0.92 1.28906
1.24 0.94 1.31452
1.24 0.96 1.33964
1.24 0.98 1.36441
1.26 0.5 0.72668
1.26 0.52 0.755486
1.26 0.54 0.784322
1.26 0.56 0.813181
1.26 0.58 0.842051
1.26 0.6 0.870922
1.26 0.62 0.89978
1.26 0.64 0.928613
1.26 0.66 0.957407
1.26 0.68 0.986147
1.26 0.7 1.01482
1.26 0.72 1.0434
1.26 0.74 1.07188
1.26 0.76 1.10024
1.26 0.78 1.12846
1.26 0.8 1.15652
1.26 0.82 1.18441
1.26 0.84 1.21209
1.26 0.86 1.23956
1.26 0.88 1.26678
1.26 0.9 1.29374
1.26 0.92 1.32041
1.26 0.94 1.34678
1.26 0.96 1.37281
1.26 0.98 1.3985
1.28 0.5 0.740801
1.28 0.52 0.770315
1.28 0.54 0.799875
1.28 0.56 0.829471
1.28 0.58 0.859094
1.28 0.6 0.888731
1.28 0.62 0.918369
1.28 0.64 0.947996
1.28 0.66 0.977598
1.28 0.68 1.00716
1.28 0.7 1.03666
1.28 0.72 1.06609
1.28 0.74 1.09543
1.28 0.76 1.12466
1.28 0.78 1.15375
1.28 0.8 1.1827
1.28 0.82 1.21148
1.28 0.84 1.24007
1.28 0.86 1.26845
1.28 0.88 1.29659
1.28 0.9 1.32447
1.28 0.92 1.35207
1.28 0.94 1.37937
1.28 0.96 1.40634
1.28 0.98 1.43296
1.3 0.5 0.754869
1.3 0.52 0.7851
1.3 0.54 0.815393
1.3 0.56 0.845737
1.3 0.58 0.876124
1.3 0.6 0.906539
1.3 0.62 0.936972
1.3 0.64 0.967407
1.3 0.66 0.997831
1.3 0.68 1.02823
1.3 0.7 1.05858
1.3 0.72 1.08887
1.3 0.74 1.11908
1.3 0.76 1.1492
1.3 0.78 1.17919
1.3 0.8 1.20905
1.3 0.82 1.23875
1.3 0.84 1.26826
1.3 0.86 1.29757
1.3 0.88 1.32665
1.3 0.9 1.35548
1.3 0.92 1.38404
1.3 0.94 1.41229
1.3 0.96 1.44022
1.3 0.98 1.4678
1.32 0.5 0.768868
1.32 0.52 0.799825
1.32 0.54 0.83086
1.32 0.56 0.861964
1.32 0.58 0.893125
1.32 0.6 0.924333
1.32 0.62 0.955572
1.32 0.64 0.986831
1.32 0.66 1.01809
1.32 0.68 1.04934
1.32 0.7 1.08056
1.32 0.72 1.11174
1.32 0.74 1.14284
1.32 0.76 1.17386
1.32 0.78 1.20478
1.32 0.8 1.23556
1.32 0.82 1.2662
1.32 0.84 1.29666
1.32 0.86 1.32692
1.32 0.88 1.35697
1.32 0.9 1.38677
1.32 0.92 1.4163
1.32 0.94 1.44553
1.32 0.96 1.47444
1.32 0.98 1.50301
1.34 0.5 0.782781
1.34 0.52 0.814473
1.34 0.54 0.846261
1.34 0.56 0.878134
1.34 0.58 0.910083
1.34 0.6 0.942095
1.34 0.62 0.974156
1.34 0.64 1.00625
1.34 0.66 1.03837
1.34 0.68 1.07049
1.34 0.7 1.10259
1.34 0.72 1.13467
1.34 0.74 1.16669
1.34 0.76 1.19863
1.34 0.78 1.23049
1.34 0.8 1.26222
1.34 0.82 1.29382
1.34 0.84 1.32525
1.34 0.86 1.3565
1.34 0.88 1.38753
1.34 0.9 1.41833
1.34 0.92 1.44886
1.34 0.94 1.4791
1.34 0.96 1.50902
1.34 0.98 1.5386
1.36 0.5 0.796591
1.36 0.52 0.829026
1.36 0.54 0.861577
1.36 0.56 0.894231
1.36 0.58 0.92698
1.36 0.6 0.959809
1.36 0.62 0.992706
1.36 0.64 1.02566
1.36 0.66 1.05864
1.36 0.68 1.09165
1.36 0.7 1.12466
1.36 0.72 1.15765
1.36 0.74 1.1906
1.36 0.76 1.2235
1.36 0.78 1.25631
1.36 0.8 1.28902
1.36 0.82 1.32161
1.36 0.84 1.35404
1.36 0.86 1.38629
1.36 0.88 1.41834
1.36 0.9 1.45015
1.36 0.92 1.48171
1.36 0.94 1.51298
1.36 0.96 1.54394
1.36 0.98 1.57456
1.38 0.5 0.810279
1.38 0.52 0.843467
1.38 0.54 0.876789
1.38 0.56 0.910236
1.38 0.58 0.943797
1.38 0.6 0.977458
1.38 0.62 1.01121
1.38 0.64 1.04502
1.38 0.66 1.0789
1.38 0.68 1.11281
1.38 0.7 1.14674
1.38 0.72 1.18067
1.38 0.74 1.21458
1.38 0.76 1.24845
1.38 0.78 1.28224
1.38 0.8 1.31595
1.38 0.82 1.34955
1.38 0.84 1.383
1.38 0.86 1.41628
1.38 0.88 1.44937
1.38 0.9 1.48223
1.38 0.92 1.51485
1.38 0.94 1.54718
1.38 0.96 1.5792
1.38 0.98 1.61089
1.4 0.5 0.823824
1.4 0.52 0.857774
1.4 0.54 0.891879
1.4 0.56 0.92613
1.4 0.58 0.960515
1.4 0.6 0.995021
1.4 0.62 1.02963
1.4 0.64 1.06434
1.4 0.66 1.09912
1.4 0.68 1.13395
1.4 0.7 1.16883
1.4 0.72 1.20372
1.4 0.74 1.2386
1.4 0.76 1.27346
1.4 0.78 1.30827
1.4 0.8 1.343
1.4 0.82 1.37763
1.4 0.84 1.41213
1.4 0.86 1.44647
1.4 0.88 1.48063
1.4 0.9 1.51457
1.4 0.92 1.54827
1.4 0.94 1.58169
1.4 0.96 1.61481
1.4 0.98 1.64759
1.42 0.5 0.837207
1.42 0.52 0.871926
1.42 0.54 0.906824
1.42 0.56 0.941891
1.42 0.58 0.977113
1.42 0.6 1.01248
1.42 0.62 1.04797
1.42 0.64 1.08358
1.42 0.66 1.11928
1.42 0.68 1.15506
1.42 0.7 1.1909
1.42 0.72 1.22677
1.42 0.74 1.26265
1.42 0.76 1.29853
1.42 0.78 1.33437
1.42 0.8 1.37015
1.42 0.82 1.40584
1.42 0.84 1.44141
1.42 0.86 1.47684
1.42 0.88 1.5121
1.42 0.9 1.54715
1.42 0.92 1.58196
1.42 0.94 1.61651
1.42 0.96 1.65075
1.42 0.98 1.68466
1.44 0.5 0.850403
1.44 0.52 0.885902
1.44 0.54 0.921603
1.44 0.56 0.957497
1.44 0.58 0.99357
1.44 0.6 1.02981
1.44 0.62 1.0662
1.44 0.64 1.10273
1.44 0.66 1.13937
1.44 0.68 1.17611
1.44 0.7 1.21293
1.44 0.72 1.24981
1.44 0.74 1.28671
1.44 0.76 1.32363
1.44 0.78 1.36053
1.44 0.8 1.39739
1.44 0.82 1.43417
1.44 0.84 1.47085
1.44 0.86 1.50739
1.44 0.88 1.54378
1.44 0.9 1.57997
1.44 0.92 1.61593
1.44 0.94 1.65162
1.44 0.96 1.68702
1.44 0.98 1.72209
1.46 0.5 0.863389
1.46 0.52 0.899677
1.46 0.54 0.936192
1.46 0.56 0.972925
1.46 0.58 1.00986
1.46 0.6 1.04699
1.46 0.62 1.08429
1.46 0.64 1.12176
1.46 0.66 1.15936
1.46 0.68 1.19709
1.46 0.7 1.23491
1.46 0.72 1.27281
1.46 0.74 1.31077
1.46 0.76 1.34875
1.46 0.78 1.38674
1.46 0.8 1.4247
1.46 0.82 1.4626
1.46 0.84 1.50041
1.46 0.86 1.53811
1.46 0.88 1.57565
1.46 0.9 1.61301
1.46 0.92 1.65015
1.46 0.94 1.68704
1.46 0.96 1.72363
1.46 0.98 1.7599
1.48 0.5 0.87614
1.48 0.52 0.913225
1.48 0.54 0.950566
1.48 0.56 0.988149
1.48 0.58 1.02596
1.48 0.6 1.064
1.48 0.62 1.10223
1.48 0.64 1.14065
1.48 0.66 1.17923
1.48 0.68 1.21796
1.48 0.7 1.25681
1.48 0.72 1.29577
1.48 0.74 1.3348
1.48 0.76 1.37387
1.48 0.78 1.41297
1.48 0.8 1.45206
1.48 0.82 1.49112
1.48 0.84 1.5301
1.48 0.86 1.56897
1.48 0.88 1.60771
1.48 0.9 1.64628
1.48 0.92 1.68463
1.48 0.94 1.72274
1.48 0.96 1.76056
1.48 0.98 1.79806
