1.5 0.5 0.888629
1.5 0.52 0.926521
1.5 0.54 0.964697
1.5 0.56 1.00314
1.5 0.58 1.04185
1.5 0.6 1.0808
1.5 0.62 1.11998
1.5 0.64 1.15937
1.5 0.66 1.19896
1.5 0.68 1.23871
1.5 0.7 1.27862
1.5 0.72 1.31865
1.5 0.74 1.35878
1.5 0.76 1.39898
1.5 0.78 1.43922
1.5 0.8 1.47947
1.5 0.82 1.51971
1.5 0.84 1.55989
1.5 0.86 1.59998
1.5 0.88 1.63995
1.5 0.9 1.67975
1.5 0.92 1.71936
1.5 0.94 1.75873
1.5 0.96 1.79782
1.5 0.98 1.83659
1.52 0.5 0.900828
1.52 0.52 0.939537
1.52 0.54 0.978558
1.52 0.56 1.01788
1.52 0.58 1.05749
1.52 0.6 1.09738
1.52 0.62 1.13752
1.52 0.64 1.17791
1.52 0.66 1.21851
1.52 0.68 1.25932
1.52 0.7 1.3003
1.52 0.72 1.34143
1.52 0.74 1.38269
1.52 0.76 1.42404
1.52 0.78 1.46545
1.52 0.8 1.5069
1.52 0.82 1.54835
1.52 0.84 1.58977
1.52 0.86 1.63111
1.52 0.88 1.67235
1.52 0.9 1.71343
1.52 0.92 1.75433
1.52 0.94 1.795
1.52 0.96 1.83539
1.52 0.98 1.87547
1.54 0.5 0.912706
1.54 0.52 0.952241
1.54 0.54 0.99212
1.54 0.56 1.03233
1.54 0.58 1.07286
1.54 0.6 1.1137
1.54 0.62 1.15483
1.54 0.64 1.19623
1.54 0.66 1.23787
1.54 0.68 1.27975
1.54 0.7 1.32183
1.54 0.72 1.36409
1.54 0.74 1.4065
1.54 0.76 1.44903
1.54 0.78 1.49165
1.54 0.8 1.53433
1.54 0.82 1.57703
1.54 0.84 1.61972
1.54 0.86 1.66235
1.54 0.88 1.70489
1.54 0.9 1.7473
1.54 0.92 1.78953
1.54 0.94 1.83154
1.54 0.96 1.87328
1.54 0.98 1.91472
1.56 0.5 0.924233
1.56 0.52 0.964602
1.56 0.54 1.00535
1.56 0.56 1.04646
1.56 0.58 1.08793
1.56 0.6 1.12973
1.56 0.62 1.17186
1.56 0.64 1.21429
1.56 0.66 1.257
1.56 0.68 1.29998
1.56 0.7 1.34318
1.56 0.72 1.3866
1.56 0.74 1.43019
1.56 0.76 1.47394
1.56 0.78 1.5178
1.56 0.8 1.56174
1.56 0.82 1.60573
1.56 0.84 1.64972
1.56 0.86 1.69369
1.56 0.88 1.73757
1.56 0.9 1.78134
1.56 0.92 1.82494
1.56 0.94 1.86834
1.56 0.96 1.91148
1.56 0.98 1.95432
1.58 0.5 0.935374
1.58 0.52 0.976587
1.58 0.54 1.01821
1.58 0.56 1.06024
1.58 0.58 1.10266
1.58 0.6 1.14545
1.58 0.62 1.18859
1.58 0.64 1.23208
1.58 0.66 1.27588
1.58 0.68 1.31997
1.58 0.7 1.36433
1.58 0.72 1.40893
1.58 0.74 1.45374
1.58 0.76 1.49873
1.58 0.78 1.54386
1.58 0.8 1.58911
1.58 0.82 1.63442
1.58 0.84 1.67976
1.58 0.86 1.72509
1.58 0.88 1.77037
1.58 0.9 1.81555
1.58 0.92 1.86057
1.58 0.94 1.9054
1.58 0.96 1.94998
1.58 0.98 1.99426
1.6 0.5 0.946094
1.6 0.52 0.98816
1.6 0.54 1.03068
1.6 0.56 1.07363
1.6 0.58 1.11701
1.6 0.6 1.16081
1.6 0.62 1.20499
1.6 0.64 1.24955
1.6 0.66 1.29446
1.6 0.68 1.3397
1.6 0.7 1.38524
1.6 0.72 1.43105
1.6 0.74 1.47711
1.6 0.76 1.52338
1.6 0.78 1.56982
1.6 0.8 1.6164
1.6 0.82 1.66308
1.6 0.84 1.70981
1.6 0.86 1.75656
1.6 0.88 1.80327
1.6 0.9 1.8499
1.6 0.92 1.8964
1.6 0.94 1.94271
1.6 0.96 1.98878
1.6 0.98 2.03456
1.62 0.5 0.956355
1.62 0.52 0.999284
1.62 0.54 1.0427
1.62 0.56 1.0866
1.62 0.58 1.13096
1.62 0.6 1.17577
1.62 0.62 1.22101
1.62 0.64 1.26667
1.62 0.66 1.31271
1.62 0.68 1.35912
1.62 0.7 1.40587
1.62 0.72 1.45293
1.62 0.74 1.50027
1.62 0.76 1.54785
1.62 0.78 1.59564
1.62 0.8 1.6436
1.62 0.82 1.69168
1.62 0.84 1.73985
1.62 0.86 1.78806
1.62 0.88 1.83626
1.62 0.9 1.88439
1.62 0.92 1.9324
1.62 0.94 1.98025
1.62 0.96 2.02787
1.62 0.98 2.07521
1.64 0.5 0.966119
1.64 0.52 1.00992
1.64 0.54 1.05425
1.64 0.56 1.0991
1.64 0.58 1.14446
1.64 0.6 1.19031
1.64 0.62 1.23663
1.64 0.64 1.2834
1.64 0.66 1.3306
1.64 0.68 1.37821
1.64 0.7 1.42619
1.64 0.72 1.47453
1.64 0.74 1.52318
1.64 0.76 1.57211
1.64 0.78 1.62129
1.64 0.8 1.67067
1.64 0.82 1.72021
1.64 0.84 1.76986
1.64 0.86 1.81957
1.64 0.88 1.8693
1.64 0.9 1.91899
1.64 0.92 1.96858
1.64 0.94 2.01802
1.64 0.96 2.06724
1.64 0.98 2.11619
1.66 0.5 0.975345
1.66 0.52 1.02003
1.66 0.54 1.06528
1.66 0.56 1.1111
1.66 0.58 1.15747
1.66 0.6 1.20437
1.66 0.62 1.25179
1.66 0.64 1.2997
1.66 0.66 1.34808
1.66 0.68 1.39692
1.66 0.7 1.44617
1.66 0.72 1.49581
1.66 0.74 1.54582
1.66 0.76 1.59614
1.66 0.78 1.64674
1.66 0.8 1.69758
1.66 0.82 1.74862
1.66 0.84 1.7998
1.66 0.86 1.85107
1.66 0.88 1.90239
1.66 0.9 1.95369
1.66 0.92 2.00492
1.66 0.94 2.05601
1.66 0.96 2.10689
1.66 0.98 2.15751
1.68 0.5 0.983988
1.68 0.52 1.02956
1.68 0.54 1.07575
1.68 0.56 1.12255
1.68 0.58 1.16994
1.68 0.6 1.21792
1.68 0.62 1.26645
1.68 0.64 1.31553
1.68 0.66 1.36512
1.68 0.68 1.41521
1.68 0.7 1.46576
1.68 0.72 1.51674
1.68 0.74 1.56813
1.68 0.76 1.61988
1.68 0.78 1.67195
1.68 0.8 1.7243
1.68 0.82 1.77688
1.68 0.84 1.82964
1.68 0.86 1.88253
1.68 0.88 1.9355
1.68 0.9 1.98847
1.68 0.92 2.04139
1.68 0.94 2.09419
1.68 0.96 2.14681
1.68 0.98 2.19917
1.7 0.5 0.992005
1.7 0.52 1.03848
1.7 0.54 1.08561
1.7 0.56 1.13341
1.7 0.58 1.18184
1.7 0.6 1.23091
1.7 0.62 1.28058
1.7 0.64 1.33084
1.7 0.66 1.38167
1.7 0.68 1.43303
1.7 0.7 1.48491
1.7 0.72 1.53727
1.7 0.74 1.59008
1.7 0.76 1.6433
1.7 0.78 1.69688
1.7 0.8 1.75078
1.7 0.82 1.80496
1.7 0.84 1.85936
1.7 0.86 1.91392
1.7 0.88 1.96859
1.7 0.9 2.0233
1.7 0.92 2.07798
1.7 0.94 2.13257
1.7 0.96 2.18698
1.7 0.98 2.24115
1.72 0.5 0.999346
1.72 0.52 1.04673
1.72 0.54 1.09482
1.72 0.56 1.14362
1.72 0.58 1.19311
1.72 0.6 1.24328
1.72 0.62 1.29411
1.72 0.64 1.34558
1.72 0.66 1.39767
1.72 0.68 1.45035
1.72 0.7 1.50359
1.72 0.72 1.55736
1.72 0.74 1.61163
1.72 0.76 1.66635
1.72 0.78 1.72149
1.72 0.8 1.777
1.72 0.82 1.83282
1.72 0.84 1.88891
1.72 0.86 1.94521
1.72 0.88 2.00165
1.72 0.9 2.05816
1.72 0.92 2.11467
1.72 0.94 2.17111
1.72 0.96 2.2274
1.72 0.98 2.28346
1.74 0.5 1.00596
1.74 0.52 1.05426
1.74 0.54 1.10332
1.74 0.56 1.15314
1.74 0.58 1.20371
1.74 0.6 1.255
1.74 0.62 1.30701
1.74 0.64 1.35971
1.74 0.66 1.41308
1.74 0.68 1.4671
1.74 0.7 1.52173
1.74 0.72 1.57695
1.74 0.74 1.63271
1.74 0.76 1.68899
1.74 0.78 1.74573
1.74 0.8 1.80289
1.74 0.82 1.86042
1.74 0.84 1.91826
1.74 0.86 1.97635
1.74 0.88 2.03463
1.74 0.9 2.09301
1.74 0.92 2.15143
1.74 0.94 2.20981
1.74 0.96 2.26805
1.74 0.98 2.32608
1.76 0.5 1.01181
1.76 0.52 1.06103
1.76 0.54 1.11107
1.76 0.56 1.16192
1.76 0.58 1.21357
1.76 0.6 1.26601
1.76 0.62 1.31922
1.76 0.64 1.37317
1.76 0.66 1.42786
1.76 0.68 1.48324
1.76 0.7 1.53929
1.76 0.72 1.59599
1.76 0.74 1.65329
1.76 0.76 1.71116
1.76 0.78 1.76955
1.76 0.8 1.82842
1.76 0.82 1.88771
1.76 0.84 1.94736
1.76 0.86 2.00731
1.76 0.88 2.06749
1.76 0.9 2.12783
1.76 0.92 2.18824
1.76 0.94 2.24863
1.76 0.96 2.30892
1.76 0.98 2.36901
1.78 0.5 1.01682
1.78 0.52 1.06697
1.78 0.54 1.118
1.78 0.56 1.1699
1.78 0.58 1.22266
1.78 0.6 1.27625
1.78 0.62 1.33068
1.78 0.64 1.38591
1.78 0.66 1.44193
1.78 0.68 1.4987
1.78 0.7 1.55621
1.78 0.72 1.61442
1.78 0.74 1.6733
1.78 0.76 1.73281
1.78 0.78 1.7929
1.78 0.8 1.85352
1.78 0.82 1.91463
1.78 0.84 1.97616
1.78 0.86 2.03804
1.78 0.88 2.10021
1.78 0.9 2.16258
1.78 0.92 2.22506
1.78 0.94 2.28757
1.78 0.96 2.34999
1.78 0.98 2.41224
1.8 0.5 1.02095
1.8 0.52 1.07204
1.8 0.54 1.12407
1.8 0.56 1.17702
1.8 0.58 1.2309
1.8 0.6 1.28567
1.8 0.62 1.34133
1.8 0.64 1.39786
1.8 0.66 1.45523
1.8 0.68 1.51343
1.8 0.7 1.57243
1.8 0.72 1.63219
1.8 0.74 1.69269
1.8 0.76 1.75387
1.8 0.78 1.81571
1.8 0.8 1.87815
1.8 0.82 1.94113
1.8 0.84 2.0046
1.8 0.86 2.06849
1.8 0.88 2.13272
1.8 0.9 2.19721
1.8 0.92 2.26186
1.8 0.94 2.32657
1.8 0.96 2.39125
1.8 0.98 2.45576
1.82 0.5 1.02413
1.82 0.52 1.07617
1.82 0.54 1.12921
1.82 0.56 1.18323
1.82 0.58 1.23823
1.82 0.6 1.2942
1.82 0.62 1.35111
1.82 0.64 1.40896
1.82 0.66 1.46772
1.82 0.68 1.52737
1.82 0.7 1.58788
1.82 0.72 1.64923
1.82 0.74 1.71138
1.82 0.76 1.77429
1.82 0.78 1.83792
1.82 0.8 1.90223
1.82 0.82 1.96715
1.82 0.84 2.03263
1.82 0.86 2.0986
1.82 0.88 2.16497
1.82 0.9 2.23167
1.82 0.92 2.29859
1.82 0.94 2.36563
1.82 0.96 2.43266
1.82 0.98 2.49956
1.84 0.5 1.02631
1.84 0.52 1.07931
1.84 0.54 1.13336
1.84 0.56 1.18846
1.84 0.58 1.24461
1.84 0.6 1.30178
1.84 0.62 1.35997
1.84 0.64 1.41915
1.84 0.66 1.47932
1.84 0.68 1.54044
1.84 0.7 1.6025
1.84 0.72 1.66547
1.84 0.74 1.72931
1.84 0.76 1.79398
1.84 0.78 1.85946
1.84 0.8 1.92569
1.84 0.82 1.99261
1.84 0.84 2.06017
1.84 0.86 2.1283
1.84 0.88 2.19691
1.84 0.9 2.26591
1.84 0.92 2.33521
1.84 0.94 2.40468
1.84 0.96 2.4742
1.84 0.98 2.54362
1.86 0.5 1.02743
1.86 0.52 1.08139
1.86 0.54 1.13646
1.86 0.56 1.19266
1.86 0.58 1.24995
1.86 0.6 1.30835
1.86 0.62 1.36782
1.86 0.64 1.42836
1.86 0.66 1.48996
1.86 0.68 1.55258
1.86 0.7 1.61621
1.86 0.72 1.68083
1.86 0.74 1.7464
1.86 0.76 1.81288
1.86 0.78 1.88025
1.86 0.8 1.94845
1.86 0.82 2.01744
1.86 0.84 2.08715
1.86 0.86 2.15751
1.86 0.88 2.22845
1.86 0.9 2.29987
1.86 0.92 2.37166
1.86 0.94 2.44369
1.86 0.96 2.51584
1.86 0.98 2.58793
1.88 0.5 1.02742
1.88 0.52 1.08234
1.88 0.54 1.13845
1.88 0.56 1.19574
1.88 0.58 1.25421
1.88 0.6 1.31383
1.88 0.62 1.37461
1.88 0.64 1.43653
1.88 0.66 1.49957
1.88 0.68 1.56371
1.88 0.7 1.62894
1.88 0.72 1.69524
1.88 0.74 1.76257
1.88 0.76 1.8309
1.88 0.78 1.9002
1.88 0.8 1.97043
1.88 0.82 2.04154
1.88 0.84 2.11347
1.88 0.86 2.18615
1.88 0.88 2.25951
1.88 0.9 2.33345
1.88 0.92 2.40785
1.88 0.94 2.4826
1.88 0.96 2.55752
1.88 0.98 2.63246
1.9 0.5 1.02622
1.9 0.52 1.08211
1.9 0.54 1.13926
1.9 0.56 1.19766
1.9 0.58 1.2573
1.9 0.6 1.31817
1.9 0.62 1.38026
1.9 0.64 1.44356
1.9 0.66 1.50807
1.9 0.68 1.57376
1.9 0.7 1.64061
1.9 0.72 1.70861
1.9 0.74 1.77773
1.9 0.76 1.84795
1.9 0.78 1.91923
1.9 0.8 1.99153
1.9 0.82 2.06482
1.9 0.84 2.13904
1.9 0.86 2.21412
1.9 0.88 2.28999
1.9 0.9 2.36656
1.9 0.92 2.44371
1.9 0.94 2.52132
1.9 0.96 2.59921
1.9 0.98 2.67718
1.92 0.5 1.02376
1.92 0.52 1.08063
1.92 0.54 1.13882
1.92 0.56 1.19833
1.92 0.58 1.25915
1.92 0.6 1.32128
1.92 0.62 1.3847
1.92 0.64 1.4494
1.92 0.66 1.51539
1.92 0.68 1.58264
1.92 0.7 1.65113
1.92 0.72 1.72086
1.92 0.74 1.79181
1.92 0.76 1.86394
1.92 0.78 1.93723
1.92 0.8 2.01166
1.92 0.82 2.08717
1.92 0.84 2.16374
1.92 0.86 2.24129
1.92 0.88 2.31977
1.92 0.9 2.39908
1.92 0.92 2.47912
1.92 0.94 2.55976
1.92 0.96 2.64081
1.92 0.98 2.72205
1.94 0.5 1.01998
1.94 0.52 1.07783
1.94 0.54 1.13707
1.94 0.56 1.19769
1.94 0.58 1.2597
1.94 0.6 1.32309
1.94 0.62 1.38785
1.94 0.64 1.45397
1.94 0.66 1.52144
1.94 0.68 1.59027
1.94 0.7 1.66042
1.94 0.72 1.7319
1.94 0.74 1.80469
1.94 0.76 1.87876
1.94 0.78 1.9541
1.94 0.8 2.03069
1.94 0.82 2.10848
1.94 0.84 2.18745
1.94 0.86 2.26754
1.94 0.88 2.34871
1.94 0.9 2.43088
1.94 0.92 2.51394
1.94 0.94 2.59778
1.94 0.96 2.68221
1.94 0.98 2.767
1.96 0.5 1.0148
1.96 0.52 1.07364
1.96 0.54 1.13393
1.96 0.56 1.19567
1.96 0.58 1.25888
1.96 0.6 1.32353
1.96 0.62 1.38963
1.96 0.64 1.45718
1.96 0.66 1.52615
1.96 0.68 1.59656
1.96 0.7 1.66839
1.96 0.72 1.74164
1.96 0.74 1.81628
1.96 0.76 1.89232
1.96 0.78 1.96973
1.96 0.8 2.0485
1.96 0.82 2.12861
1.96 0.84 2.21003
1.96 0.86 2.29272
1.96 0.88 2.37666
1.96 0.9 2.46177
1.96 0.92 2.54799
1.96 0.94 2.63521
1.96 0.96 2.72327
1.96 0.98 2.81193
1.98 0.5 1.00817
1.98 0.52 1.06798
1.98 0.54 1.12933
1.98 0.56 1.1922
1.98 0.58 1.2566
1.98 0.6 1.32253
1.98 0.62 1.38998
1.98 0.64 1.45895
1.98 0.66 1.52943
1.98 0.68 1.60144
1.98 0.7 1.67495
1.98 0.72 1.74997
1.98 0.74 1.82649
1.98 0.76 1.9045
1.98 0.78 1.98401
1.98 0.8 2.06499
1.98 0.82 2.14743
1.98 0.84 2.23133
1.98 0.86 2.31667
1.98 0.88 2.40342
1.98 0.9 2.49156
1.98 0.92 2.58103
1.98 0.94 2.67179
1.98 0.96 2.76373
1.98 0.98 2.85667
