0 0 0.000348627
0 0.02 0.000697042
0 0.04 0.00104503
0 0.06 0.00139237
0 0.08 0.00173885
0 0.1 0.00208425
0 0.12 0.00242834
0 0.14 0.00277089
0 0.16 0.00311166
0 0.18 0.00345043
0 0.2 0.00378693
0 0.22 0.00412092
0 0.24 0.00445213
0 0.26 0.00478029
0 0.28 0.00510512
0 0.3 0.00542631
0 0.32 0.00574356
0 0.34 0.00605654
0 0.36 0.00636491
0 0.38 0.00666832
0 0.4 0.00696637
0 0.42 0.00725868
0 0.44 0.00754479
0 0.46 0.00782427
0 0.48 0.0080966
0.02 0 0.000697474
0.02 0.02 0.00139452
0.02 0.04 0.00209072
0.02 0.06 0.00278563
0.02 0.08 0.00347882
0.02 0.1 0.00416984
0.02 0.12 0.00485826
0.02 0.14 0.00554359
0.02 0.16 0.00622539
0.02 0.18 0.00690317
0.02 0.2 0.00757644
0.02 0.22 0.00824469
0.02 0.24 0.00890739
0.02 0.26 0.00956399
0.02 0.28 0.0102139
0.02 0.3 0.0108566
0.02 0.32 0.0114915
0.02 0.34 0.0121178
0.02 0.36 0.0127349
0.02 0.38 0.0133421
0.02 0.4 0.0139386
0.02 0.42 0.0145236
0.02 0.44 0.0150963
0.02 0.46 0.0156558
0.02 0.48 0.016201
0.04 0 0.00104676
0.04 0.02 0.00209289
0.04 0.04 0.00313773
0.04 0.06 0.00418066
0.04 0.08 0.00522101
0.04 0.1 0.00625812
0.04 0.12 0.00729131
0.04 0.14 0.00831992
0.04 0.16 0.00934323
0.04 0.18 0.0103605
0.04 0.2 0.0113711
0.04 0.22 0.0123741
0.04 0.24 0.0133689
0.04 0.26 0.0143545
0.04 0.28 0.0153301
0.04 0.3 0.016295
0.04 0.32 0.017248
0.04 0.34 0.0181883
0.04 0.36 0.0191149
0.04 0.38 0.0200267
0.04 0.4 0.0209224
0.04 0.42 0.0218011
0.04 0.44 0.0226613
0.04 0.46 0.0235017
0.04 0.48 0.0243208
0.06 0 0.0013967
0.06 0.02 0.00279256
0.06 0.04 0.00418672
0.06 0.06 0.00557832
0.06 0.08 0.0069665
0.06 0.1 0.00835038
0.06 0.12 0.00972907
0.06 0.14 0.0111017
0.06 0.16 0.0124672
0.06 0.18 0.0138248
0.06 0.2 0.0151734
0.06 0.22 0.016512
0.06 0.24 0.0178396
0.06 0.26 0.0191551
0.06 0.28 0.0204574
0.06 0.3 0.0217453
0.06 0.32 0.0230175
0.06 0.34 0.0242729
0.06 0.36 0.02551
0.06 0.38 0.0267274
0.06 0.4 0.0279237
0.06 0.42 0.0290972
0.06 0.44 0.0302462
0.06 0.46 0.031369
0.06 0.48 0.0324637
0.08 0 0.00174751
0.08 0.02 0.00349397
0.08 0.04 0.00523832
0.08 0.06 0.00697948
0.08 0.08 0.0087164
0.08 0.1 0.010448
0.08 0.12 0.0121731
0.08 0.14 0.0138906
0.08 0.16 0.0155993
0.08 0.18 0.0172981
0.08 0.2 0.0189858
0.08 0.22 0.0206611
0.08 0.24 0.0223226
0.08 0.26 0.0239692
0.08 0.28 0.0255992
0.08 0.3 0.0272114
0.08 0.32 0.0288042
0.08 0.34 0.0303759
0.08 0.36 0.031925
0.08 0.38 0.0334496
0.08 0.4 0.0349479
0.08 0.42 0.036418
0.08 0.44 0.0378577
0.08 0.46 0.0392649
0.08 0.48 0.0406371
0.1 0 0.0020994
0.1 0.02 0.00419754
0.1 0.04 0.00629317
0.1 0.06 0.008385
0.1 0.08 0.0104718
0.1 0.1 0.0125521
0.1 0.12 0.0146248
0.1 0.14 0.0166884
0.1 0.16 0.0187416
0.1 0.18 0.0207829
0.1 0.2 0.0228109
0.1 0.22 0.0248241
0.1 0.24 0.026821
0.1 0.26 0.0287999
0.1 0.28 0.0307593
0.1 0.3 0.0326973
0.1 0.32 0.0346121
0.1 0.34 0.036502
0.1 0.36 0.0383648
0.1 0.38 0.0401984
0.1 0.4 0.0420008
0.1 0.42 0.0437695
0.1 0.44 0.0455022
0.1 0.46 0.047196
0.1 0.48 0.0488483
0.12 0 0.00245257
0.12 0.02 0.0049037
0.12 0.04 0.0073519
0.12 0.06 0.00979571
0.12 0.08 0.0122336
0.12 0.1 0.0146642
0.12 0.12 0.0170858
0.12 0.14 0.0194969
0.12 0.16 0.0218959
0.12 0.18 0.0242812
0.12 0.2 0.026651
0.12 0.22 0.0290038
0.12 0.24 0.0313376
0.12 0.26 0.0336506
0.12 0.28 0.035941
0.12 0.3 0.0382066
0.12 0.32 0.0404455
0.12 0.34 0.0426554
0.12 0.36 0.044834
0.12 0.38 0.046979
0.12 0.4 0.0490877
0.12 0.42 0.0511576
0.12 0.44 0.0531857
0.12 0.46 0.0551691
0.12 0.48 0.0571045
0.14 0 0.00280724
0.14 0.02 0.00561284
0.14 0.04 0.00841513
0.14 0.06 0.0112124
0.14 0.08 0.0140031
0.14 0.1 0.0167853
0.14 0.12 0.0195574
0.14 0.14 0.0223177
0.14 0.16 0.0250642
0.14 0.18 0.0277951
0.14 0.2 0.0305086
0.14 0.22 0.0332027
0.14 0.24 0.0358753
0.14 0.26 0.0385244
0.14 0.28 0.0411478
0.14 0.3 0.0437432
0.14 0.32 0.0463082
0.14 0.34 0.0488405
0.14 0.36 0.0513374
0.14 0.38 0.0537962
0.14 0.4 0.056214
0.14 0.42 0.0585878
0.14 0.44 0.0609145
0.14 0.46 0.0631907
0.14 0.48 0.0654126
0.16 0 0.00316361
0.16 0.02 0.00632538
0.16 0.04 0.00948346
0.16 0.06 0.012636
0.16 0.08 0.0157811
0.16 0.1 0.0189168
0.16 0.12 0.0220412
0.16 0.14 0.0251524
0.16 0.16 0.0282483
0.16 0.18 0.0313269
0.16 0.2 0.034386
0.16 0.22 0.0374234
0.16 0.24 0.040437
0.16 0.26 0.0434243
0.16 0.28 0.046383
0.16 0.3 0.0493105
0.16 0.32 0.0522043
0.16 0.34 0.0550615
0.16 0.36 0.0578793
0.16 0.38 0.0606548
0.16 0.4 0.0633847
0.16 0.42 0.0660658
0.16 0.44 0.0686944
0.16 0.46 0.0712669
0.16 0.48 0.0737793
0.18 0 0.00352186
0.18 0.02 0.0070417
0.18 0.04 0.0105575
0.18 0.06 0.0140671
0.18 0.08 0.0175686
0.18 0.1 0.0210598
0.18 0.12 0.0245386
0.18 0.14 0.0280028
0.18 0.16 0.0314502
0.18 0.18 0.0348785
0.18 0.2 0.0382854
0.18 0.22 0.0416685
0.18 0.24 0.0450253
0.18 0.26 0.0483533
0.18 0.28 0.0516498
0.18 0.3 0.0549121
0.18 0.32 0.0581373
0.18 0.34 0.0613224
0.18 0.36 0.0644642
0.18 0.38 0.0675596
0.18 0.4 0.0706049
0.18 0.42 0.0735967
0.18 0.44 0.076531
0.18 0.46 0.0794038
0.18 0.48 0.0822108
0.2 0 0.00388218
0.2 0.02 0.00776217
0.2 0.04 0.0116377
0.2 0.06 0.0155067
0.2 0.08 0.0193667
0.2 0.1 0.0232155
0.2 0.12 0.0270508
0.2 0.14 0.0308702
0.2 0.16 0.0346714
0.2 0.18 0.0384518
0.2 0.2 0.042209
0.2 0.22 0.0459402
0.2 0.24 0.0496429
0.2 0.26 0.0533143
0.2 0.28 0.0569515
0.2 0.3 0.0605514
0.2 0.32 0.064111
0.2 0.34 0.0676271
0.2 0.36 0.0710963
0.2 0.38 0.0745149
0.2 0.4 0.0778794
0.2 0.42 0.0811857
0.2 0.44 0.0844297
0.2 0.46 0.0876072
0.2 0.48 0.0907134
0.22 0 0.00424477
0.22 0.02 0.00848717
0.22 0.04 0.0127248
0.22 0.06 0.0169553
0.22 0.08 0.0211762
0.22 0.1 0.025385
0.22 0.12 0.0295792
0.22 0.14 0.0337564
0.22 0.16 0.0379138
0.22 0.18 0.0420489
0.22 0.2 0.0461589
0.22 0.22 0.0502411
0.22 0.24 0.0542924
0.22 0.26 0.0583101
0.22 0.28 0.0622909
0.22 0.3 0.0662316
0.22 0.32 0.0701289
0.22 0.34 0.0739794
0.22 0.36 0.0777794
0.22 0.38 0.0815252
0.22 0.4 0.0852126
0.22 0.42 0.0888376
0.22 0.44 0.0923958
0.22 0.46 0.0958824
0.22 0.48 0.0992928
0.24 0 0.00460979
0.24 0.02 0.00921705
0.24 0.04 0.0138192
0.24 0.06 0.0184137
0.24 0.08 0.022998
0.24 0.1 0.0275693
0.24 0.12 0.0321251
0.24 0.14 0.0366626
0.24 0.16 0.041179
0.24 0.18 0.0456715
0.24 0.2 0.0501373
0.24 0.22 0.0545732
0.24 0.24 0.0589763
0.24 0.26 0.0633433
0.24 0.28 0.0676709
0.24 0.3 0.0719558
0.24 0.32 0.0761944
0.24 0.34 0.0803829
0.24 0.36 0.0845176
0.24 0.38 0.0885944
0.24 0.4 0.092609
0.24 0.42 0.0965572
0.24 0.44 0.100434
0.24 0.46 0.104235
0.24 0.48 0.107954
0.26 0 0.00497742
0.26 0.02 0.00995215
0.26 0.04 0.0149215
0.26 0.06 0.0198827
0.26 0.08 0.0248329
0.26 0.1 0.0297695
0.26 0.12 0.0346896
0.26 0.14 0.0395902
0.26 0.16 0.0444685
0.26 0.18 0.0493215
0.26 0.2 0.0541459
0.26 0.22 0.0589388
0.26 0.24 0.0636968
0.26 0.26 0.0684165
0.26 0.28 0.0730944
0.26 0.3 0.0777271
0.26 0.32 0.0823106
0.26 0.34 0.0868411
0.26 0.36 0.0913145
0.26 0.38 0.0957265
0.26 0.4 0.100073
0.26 0.42 0.104349
0.26 0.44 0.108549
0.26 0.46 0.112669
0.26 0.48 0.116704
0.28 0 0.00534781
0.28 0.02 0.0106928
0.28 0.04 0.0160321
0.28 0.06 0.0213627
0.28 0.08 0.0266819
0.28 0.1 0.0319866
0.28 0.12 0.0372739
0.28 0.14 0.0425407
0.28 0.16 0.0477839
0.28 0.18 0.0530004
0.28 0.2 0.0581868
0.28 0.22 0.0633399
0.28 0.24 0.0684562
0.28 0.26 0.0735321
0.28 0.28 0.078564
0.28 0.3 0.0835482
0.28 0.32 0.0884806
0.28 0.34 0.0933571
0.28 0.36 0.0981735
0.28 0.38 0.102925
0.28 0.4 0.107608
0.28 0.42 0.112216
0.28 0.44 0.116746
0.28 0.46 0.121191
0.28 0.48 0.125545
0.3 0 0.00572113
0.3 0.02 0.0114393
0.3 0.04 0.0171514
0.3 0.06 0.0228546
0.3 0.08 0.0285457
0.3 0.1 0.0342216
0.3 0.12 0.0398792
0.3 0.14 0.0455152
0.3 0.16 0.0511266
0.3 0.18 0.0567098
0.3 0.2 0.0622616
0.3 0.22 0.0677784
0.3 0.24 0.0732566
0.3 0.26 0.0786925
0.3 0.28 0.0840822
0.3 0.3 0.0894218
0.3 0.32 0.0947072
0.3 0.34 0.0999341
0.3 0.36 0.105098
0.3 0.38 0.110194
0.3 0.4 0.115218
0.3 0.42 0.120164
0.3 0.44 0.125028
0.3 0.46 0.129803
0.3 0.48 0.134484
0.32 0 0.00609751
0.32 0.02 0.0121919
0.32 0.04 0.0182801
0.32 0.06 0.0243588
0.32 0.08 0.0304249
0.32 0.1 0.0364752
0.32 0.12 0.0425063
0.32 0.14 0.048515
0.32 0.16 0.0544979
0.32 0.18 0.0604514
0.32 0.2 0.0663721
0.32 0.22 0.0722562
0.32 0.24 0.0781001
0.32 0.26 0.0838998
0.32 0.28 0.0896513
0.32 0.3 0.0953506
0.32 0.32 0.100993
0.32 0.34 0.106575
0.32 0.36 0.112091
0.32 0.38 0.117537
0.32 0.4 0.122907
0.32 0.42 0.128196
0.32 0.44 0.133399
0.32 0.46 0.13851
0.32 0.48 0.143524
0.34 0 0.00647709
0.34 0.02 0.012951
0.34 0.04 0.0194183
0.34 0.06 0.0258759
0.34 0.08 0.0323203
0.34 0.1 0.0387483
0.34 0.12 0.0451564
0.34 0.14 0.0515412
0.34 0.16 0.0578991
0.34 0.18 0.0642265
0.34 0.2 0.0705198
0.34 0.22 0.0767751
0.34 0.24 0.0829885
0.34 0.26 0.0891561
0.34 0.28 0.0952736
0.34 0.3 0.101337
0.34 0.32 0.107341
0.34 0.34 0.113282
0.34 0.36 0.119155
0.34 0.38 0.124955
0.34 0.4 0.130677
0.34 0.42 0.136315
0.34 0.44 0.141863
0.34 0.46 0.147317
0.34 0.48 0.152669
0.36 0 0.00686001
0.36 0.02 0.0137167
0.36 0.04 0.0205666
0.36 0.06 0.0274064
0.36 0.08 0.0342326
0.36 0.1 0.0410418
0.36 0.12 0.0478304
0.36 0.14 0.0545948
0.36 0.16 0.0613314
0.36 0.18 0.0680364
0.36 0.2 0.0747061
0.36 0.22 0.0813365
0.36 0.24 0.0879236
0.36 0.26 0.0944632
0.36 0.28 0.100951
0.36 0.3 0.107383
0.36 0.32 0.113754
0.36 0.34 0.120059
0.36 0.36 0.126294
0.36 0.38 0.132453
0.36 0.4 0.138532
0.36 0.42 0.144524
0.36 0.44 0.150424
0.36 0.46 0.156225
0.36 0.48 0.161923
0.38 0 0.00724637
0.38 0.02 0.0144893
0.38 0.04 0.0217253
0.38 0.06 0.0289508
0.38 0.08 0.0361623
0.38 0.1 0.0433563
0.38 0.12 0.050529
0.38 0.14 0.0576768
0.38 0.16 0.0647959
0.38 0.18 0.0718824
0.38 0.2 0.0789325
0.38 0.22 0.0859421
0.38 0.24 0.092907
0.38 0.26 0.099823
0.38 0.28 0.106686
0.38 0.3 0.11349
0.38 0.32 0.120233
0.38 0.34 0.126907
0.38 0.36 0.133509
0.38 0.38 0.140034
0.38 0.4 0.146475
0.38 0.42 0.152827
0.38 0.44 0.159084
0.38 0.46 0.16524
0.38 0.48 0.171289
0.4 0 0.0076363
0.4 0.02 0.0152691
0.4 0.04 0.0228947
0.4 0.06 0.0305096
0.4 0.08 0.03811
0.4 0.1 0.0456925
0.4 0.12 0.053253
0.4 0.14 0.060788
0.4 0.16 0.0682935
0.4 0.18 0.0757656
0.4 0.2 0.0832002
0.4 0.22 0.0905932
0.4 0.24 0.0979403
0.4 0.26 0.105237
0.4 0.28 0.112479
0.4 0.3 0.119662
0.4 0.32 0.12678
0.4 0.34 0.133829
0.4 0.36 0.140803
0.4 0.38 0.147698
0.4 0.4 0.154507
0.4 0.42 0.161225
0.4 0.44 0.167846
0.4 0.46 0.174363
0.4 0.48 0.18077
0.42 0 0.00802989
0.42 0.02 0.0160561
0.42 0.04 0.0240751
0.42 0.06 0.032083
0.42 0.08 0.0400763
0.42 0.1 0.0480509
0.42 0.12 0.0560033
0.42 0.14 0.0639294
0.42 0.16 0.0718254
0.42 0.18 0.0796871
0.42 0.2 0.0875104
0.42 0.22 0.0952911
0.42 0.24 0.103025
0.42 0.26 0.110707
0.42 0.28 0.118333
0.42 0.3 0.125898
0.42 0.32 0.133398
0.42 0.34 0.140826
0.42 0.36 0.148179
0.42 0.38 0.155449
0.42 0.4 0.162632
0.42 0.42 0.169722
0.42 0.44 0.176713
0.42 0.46 0.183597
0.42 0.48 0.19037
0.44 0 0.00842722
0.44 0.02 0.0168507
0.44 0.04 0.0252668
0.44 0.06 0.0336716
0.44 0.08 0.0420614
0.44 0.1 0.0504323
0.44 0.12 0.0587804
0.44 0.14 0.0671017
0.44 0.16 0.0753921
0.44 0.18 0.0836477
0.44 0.2 0.091864
0.44 0.22 0.100037
0.44 0.24 0.108162
0.44 0.26 0.116234
0.44 0.28 0.124249
0.44 0.3 0.132202
0.44 0.32 0.140088
0.44 0.34 0.147901
0.44 0.36 0.155637
0.44 0.38 0.163289
0.44 0.4 0.170852
0.44 0.42 0.17832
0.44 0.44 0.185687
0.44 0.46 0.192946
0.44 0.48 0.20009
0.46 0 0.00882839
0.46 0.02 0.017653
0.46 0.04 0.02647
0.46 0.06 0.0352756
0.46 0.08 0.0440659
0.46 0.1 0.052837
0.46 0.12 0.0615848
0.46 0.14 0.0703054
0.46 0.16 0.0789946
0.46 0.18 0.0876482
0.46 0.2 0.096262
0.46 0.22 0.104831
0.46 0.24 0.113352
0.46 0.26 0.121819
0.46 0.28 0.130228
0.46 0.3 0.138574
0.46 0.32 0.146851
0.46 0.34 0.155055
0.46 0.36 0.163179
0.46 0.38 0.171219
0.46 0.4 0.179168
0.46 0.42 0.187021
0.46 0.44 0.19477
0.46 0.46 0.20241
0.46 0.48 0.209933
0.48 0 0.00923345
0.48 0.02 0.0184631
0.48 0.04 0.027685
0.48 0.06 0.0368953
0.48 0.08 0.0460901
0.48 0.1 0.0552654
0.48 0.12 0.0644171
0.48 0.14 0.0735412
0.48 0.16 0.0826334
0.48 0.18 0.0916896
0.48 0.2 0.100705
0.48 0.22 0.109676
0.48 0.24 0.118597
0.48 0.26 0.127464
0.48 0.28 0.136272
0.48 0.3 0.145015
0.48 0.32 0.15369
0.48 0.34 0.162289
0.48 0.36 0.170808
0.48 0.38 0.179241
0.48 0.4 0.187583
0.48 0.42 0.195826
0.48 0.44 0.203964
0.48 0.46 0.211991
0.48 0.48 0.219901
