1.5 0 0.0319382
1.5 0.02 0.0639012
1.5 0.04 0.0959138
1.5 0.06 0.128
1.5 0.08 0.160184
1.5 0.1 0.192489
1.5 0.12 0.224936
1.5 0.14 0.257548
1.5 0.16 0.290343
1.5 0.18 0.323341
1.5 0.2 0.35656
1.5 0.22 0.390015
1.5 0.24 0.423721
1.5 0.26 0.457692
1.5 0.28 0.491939
1.5 0.3 0.526472
1.5 0.32 0.561299
1.5 0.34 0.596429
1.5 0.36 0.631865
1.5 0.38 0.667612
1.5 0.4 0.703672
1.5 0.42 0.740046
1.5 0.44 0.776732
1.5 0.46 0.813727
1.5 0.48 0.851028
1.52 0 0.0322035
1.52 0.02 0.0644343
1.52 0.04 0.0967192
1.52 0.06 0.129085
1.52 0.08 0.161557
1.52 0.1 0.194161
1.52 0.12 0.226921
1.52 0.14 0.25986
1.52 0.16 0.292999
1.52 0.18 0.32636
1.52 0.2 0.359961
1.52 0.22 0.39382
1.52 0.24 0.427953
1.52 0.26 0.462373
1.52 0.28 0.497095
1.52 0.3 0.532128
1.52 0.32 0.567482
1.52 0.34 0.603165
1.52 0.36 0.639183
1.52 0.38 0.67554
1.52 0.4 0.712238
1.52 0.42 0.749279
1.52 0.44 0.786662
1.52 0.46 0.824384
1.52 0.48 0.862441
1.54 0 0.0324418
1.54 0.02 0.0649134
1.54 0.04 0.0974441
1.54 0.06 0.130063
1.54 0.08 0.162798
1.54 0.1 0.195678
1.54 0.12 0.228727
1.54 0.14 0.261972
1.54 0.16 0.295435
1.54 0.18 0.32914
1.54 0.2 0.363106
1.54 0.22 0.397353
1.54 0.24 0.431897
1.54 0.26 0.466755
1.54 0.28 0.50194
1.54 0.3 0.537464
1.54 0.32 0.573337
1.54 0.34 0.609568
1.54 0.36 0.646163
1.54 0.38 0.683127
1.54 0.4 0.720462
1.54 0.42 0.758172
1.54 0.44 0.796254
1.54 0.46 0.834707
1.54 0.48 0.873526
1.56 0 0.0326505
1.56 0.02 0.0653335
1.56 0.04 0.0980812
1.56 0.06 0.130925
1.56 0.08 0.163896
1.56 0.1 0.197025
1.56 0.12 0.230339
1.56 0.14 0.263865
1.56 0.16 0.297631
1.56 0.18 0.331658
1.56 0.2 0.365971
1.56 0.22 0.400588
1.56 0.24 0.435529
1.56 0.26 0.470811
1.56 0.28 0.506448
1.56 0.3 0.542452
1.56 0.32 0.578836
1.56 0.34 0.615608
1.56 0.36 0.652775
1.56 0.38 0.690343
1.56 0.4 0.728315
1.56 0.42 0.766693
1.56 0.44 0.805476
1.56 0.46 0.844664
1.56 0.48 0.884251
1.58 0 0.0328268
1.58 0.02 0.0656891
1.58 0.04 0.0986221
1.58 0.06 0.131661
1.58 0.08 0.164838
1.58 0.1 0.198187
1.58 0.12 0.231738
1.58 0.14 0.265521
1.58 0.16 0.299564
1.58 0.18 0.333893
1.58 0.2 0.368531
1.58 0.22 0.403501
1.58 0.24 0.438822
1.58 0.26 0.474512
1.58 0.28 0.510588
1.58 0.3 0.547062
1.58 0.32 0.583948
1.58 0.34 0.621253
1.58 0.36 0.658987
1.58 0.38 0.697156
1.58 0.4 0.735762
1.58 0.42 0.774809
1.58 0.44 0.814296
1.58 0.46 0.854222
1.58 0.48 0.894583
1.6 0 0.0329676
1.6 0.02 0.0659741
1.6 0.04 0.099058
1.6 0.06 0.132257
1.6 0.08 0.165608
1.6 0.1 0.199147
1.6 0.12 0.232906
1.6 0.14 0.266918
1.6 0.16 0.301213
1.6 0.18 0.335819
1.6 0.2 0.370761
1.6 0.22 0.406063
1.6 0.24 0.441746
1.6 0.26 0.47783
1.6 0.28 0.51433
1.6 0.3 0.551263
1.6 0.32 0.58864
1.6 0.34 0.626472
1.6 0.36 0.664767
1.6 0.38 0.703532
1.6 0.4 0.742771
1.6 0.42 0.782486
1.6 0.44 0.822679
1.6 0.46 0.863347
1.6 0.48 0.904487
1.62 0 0.0330696
1.62 0.02 0.0661819
1.62 0.04 0.099379
1.62 0.06 0.132702
1.62 0.08 0.166192
1.62 0.1 0.199886
1.62 0.12 0.233821
1.62 0.14 0.268032
1.62 0.16 0.302552
1.62 0.18 0.337409
1.62 0.2 0.372631
1.62 0.22 0.408245
1.62 0.24 0.444271
1.62 0.26 0.480731
1.62 0.28 0.517642
1.62 0.3 0.55502
1.62 0.32 0.592878
1.62 0.34 0.631228
1.62 0.36 0.670078
1.62 0.38 0.709435
1.62 0.4 0.749304
1.62 0.42 0.789688
1.62 0.44 0.830587
1.62 0.46 0.872001
1.62 0.48 0.913925
1.64 0 0.0331291
1.64 0.02 0.066305
1.64 0.04 0.099574
1.64 0.06 0.132981
1.64 0.08 0.166571
1.64 0.1 0.200384
1.64 0.12 0.234461
1.64 0.14 0.268839
1.64 0.16 0.303553
1.64 0.18 0.338634
1.64 0.2 0.374112
1.64 0.22 0.410014
1.64 0.24 0.446363
1.64 0.26 0.483181
1.64 0.28 0.520487
1.64 0.3 0.558297
1.64 0.32 0.596626
1.64 0.34 0.635484
1.64 0.36 0.674882
1.64 0.38 0.714827
1.64 0.4 0.755323
1.64 0.42 0.796375
1.64 0.44 0.837982
1.64 0.46 0.880144
1.64 0.48 0.922858
1.66 0 0.0331418
1.66 0.02 0.0663351
1.66 0.04 0.0996308
1.66 0.06 0.133079
1.66 0.08 0.166726
1.66 0.1 0.20062
1.66 0.12 0.234801
1.66 0.14 0.269311
1.66 0.16 0.304187
1.66 0.18 0.339463
1.66 0.2 0.37517
1.66 0.22 0.411336
1.66 0.24 0.447987
1.66 0.26 0.485145
1.66 0.28 0.522829
1.66 0.3 0.561058
1.66 0.32 0.599845
1.66 0.34 0.639202
1.66 0.36 0.679141
1.66 0.38 0.719668
1.66 0.4 0.760789
1.66 0.42 0.802507
1.66 0.44 0.844823
1.66 0.46 0.887737
1.66 0.48 0.931246
1.68 0 0.033103
1.68 0.02 0.0662629
1.68 0.04 0.0995359
1.68 0.06 0.132976
1.68 0.08 0.166637
1.68 0.1 0.200567
1.68 0.12 0.234813
1.68 0.14 0.269418
1.68 0.16 0.304422
1.68 0.18 0.339861
1.68 0.2 0.375769
1.68 0.22 0.412175
1.68 0.24 0.449104
1.68 0.26 0.486582
1.68 0.28 0.524628
1.68 0.3 0.56326
1.68 0.32 0.602493
1.68 0.34 0.642341
1.68 0.36 0.682812
1.68 0.38 0.723916
1.68 0.4 0.765658
1.68 0.42 0.808041
1.68 0.44 0.851068
1.68 0.46 0.894736
1.68 0.48 0.939045
1.7 0 0.0330074
1.7 0.02 0.0660778
1.7 0.04 0.0992735
1.7 0.06 0.132654
1.7 0.08 0.166278
1.7 0.1 0.200198
1.7 0.12 0.234465
1.7 0.14 0.269126
1.7 0.16 0.304222
1.7 0.18 0.339792
1.7 0.2 0.375871
1.7 0.22 0.412489
1.7 0.24 0.449675
1.7 0.26 0.487452
1.7 0.28 0.525842
1.7 0.3 0.564862
1.7 0.32 0.604529
1.7 0.34 0.644856
1.7 0.36 0.685852
1.7 0.38 0.727527
1.7 0.4 0.769886
1.7 0.42 0.812934
1.7 0.44 0.85667
1.7 0.46 0.901097
1.7 0.48 0.94621
1.72 0 0.0328487
1.72 0.02 0.0657677
1.72 0.04 0.0988261
1.72 0.06 0.13209
1.72 0.08 0.165623
1.72 0.1 0.199483
1.72 0.12 0.233725
1.72 0.14 0.268399
1.72 0.16 0.303548
1.72 0.18 0.339215
1.72 0.2 0.375434
1.72 0.22 0.412237
1.72 0.24 0.449655
1.72 0.26 0.48771
1.72 0.28 0.526425
1.72 0.3 0.565818
1.72 0.32 0.605906
1.72 0.34 0.646701
1.72 0.36 0.688215
1.72 0.38 0.730455
1.72 0.4 0.773428
1.72 0.42 0.817137
1.72 0.44 0.861585
1.72 0.46 0.906771
1.72 0.48 0.952693
1.74 0 0.0326198
1.74 0.02 0.0653185
1.74 0.04 0.0981731
1.74 0.06 0.131257
1.74 0.08 0.16464
1.74 0.1 0.198387
1.74 0.12 0.232554
1.74 0.14 0.267196
1.74 0.16 0.302358
1.74 0.18 0.338085
1.74 0.2 0.374412
1.74 0.22 0.411373
1.74 0.24 0.448997
1.74 0.26 0.487309
1.74 0.28 0.52633
1.74 0.3 0.566081
1.74 0.32 0.606576
1.74 0.34 0.647829
1.74 0.36 0.689851
1.74 0.38 0.73265
1.74 0.4 0.776233
1.74 0.42 0.820603
1.74 0.44 0.865762
1.74 0.46 0.911711
1.74 0.48 0.958446
1.76 0 0.0323121
1.76 0.02 0.0647134
1.76 0.04 0.0972906
1.76 0.06 0.130126
1.76 0.08 0.163295
1.76 0.1 0.196869
1.76 0.12 0.230909
1.76 0.14 0.265471
1.76 0.16 0.300605
1.76 0.18 0.336355
1.76 0.2 0.372757
1.76 0.22 0.409846
1.76 0.24 0.447652
1.76 0.26 0.486198
1.76 0.28 0.525508
1.76 0.3 0.565599
1.76 0.32 0.606489
1.76 0.34 0.648189
1.76 0.36 0.690711
1.76 0.38 0.734063
1.76 0.4 0.778251
1.76 0.42 0.82328
1.76 0.44 0.869151
1.76 0.46 0.915864
1.76 0.48 0.963417
1.78 0 0.0319153
1.78 0.02 0.0639326
1.78 0.04 0.0961501
1.78 0.06 0.12866
1.78 0.08 0.161547
1.78 0.1 0.194885
1.78 0.12 0.228742
1.78 0.14 0.263176
1.78 0.16 0.298238
1.78 0.18 0.333971
1.78 0.2 0.370416
1.78 0.22 0.407604
1.78 0.24 0.445565
1.78 0.26 0.484325
1.78 0.28 0.523904
1.78 0.3 0.564321
1.78 0.32 0.605591
1.78 0.34 0.647728
1.78 0.36 0.690742
1.78 0.38 0.73464
1.78 0.4 0.77943
1.78 0.42 0.825116
1.78 0.44 0.871698
1.78 0.46 0.919177
1.78 0.48 0.967552
1.8 0 0.0314167
1.8 0.02 0.0629515
1.8 0.04 0.0947173
1.8 0.06 0.126818
1.8 0.08 0.159346
1.8 0.1 0.192383
1.8 0.12 0.225999
1.8 0.14 0.260253
1.8 0.16 0.295198
1.8 0.18 0.330878
1.8 0.2 0.367331
1.8 0.22 0.404589
1.8 0.24 0.442682
1.8 0.26 0.481632
1.8 0.28 0.521462
1.8 0.3 0.562189
1.8 0.32 0.603827
1.8 0.34 0.64639
1.8 0.36 0.689888
1.8 0.38 0.734327
1.8 0.4 0.779715
1.8 0.42 0.826055
1.8 0.44 0.873348
1.8 0.46 0.921596
1.8 0.48 0.970797
1.82 0 0.0308001
1.82 0.02 0.0617396
1.82 0.04 0.0929498
1.82 0.06 0.124548
1.82 0.08 0.156637
1.82 0.1 0.189302
1.82 0.12 0.222617
1.82 0.14 0.25664
1.82 0.16 0.291424
1.82 0.18 0.327012
1.82 0.2 0.363441
1.82 0.22 0.400741
1.82 0.24 0.43894
1.82 0.26 0.478061
1.82 0.28 0.518124
1.82 0.3 0.559146
1.82 0.32 0.60114
1.82 0.34 0.644119
1.82 0.36 0.688092
1.82 0.38 0.733066
1.82 0.4 0.779048
1.82 0.42 0.82604
1.82 0.44 0.874045
1.82 0.46 0.923063
1.82 0.48 0.973093
1.84 0 0.0300442
1.84 0.02 0.0602571
1.84 0.04 0.090794
1.84 0.06 0.121789
1.84 0.08 0.153352
1.84 0.1 0.185573
1.84 0.12 0.218525
1.84 0.14 0.252267
1.84 0.16 0.286847
1.84 0.18 0.322306
1.84 0.2 0.358679
1.84 0.22 0.395994
1.84 0.24 0.434277
1.84 0.26 0.473549
1.84 0.28 0.513828
1.84 0.3 0.555131
1.84 0.32 0.597469
1.84 0.34 0.640854
1.84 0.36 0.685295
1.84 0.38 0.730799
1.84 0.4 0.77737
1.84 0.42 0.825014
1.84 0.44 0.87373
1.84 0.46 0.92352
1.84 0.48 0.974381
1.86 0 0.0291195
1.86 0.02 0.0584506
1.86 0.04 0.0881806
1.86 0.06 0.118461
1.86 0.08 0.149409
1.86 0.1 0.181113
1.86 0.12 0.213644
1.86 0.14 0.247055
1.86 0.16 0.281391
1.86 0.18 0.316687
1.86 0.2 0.352975
1.86 0.22 0.39028
1.86 0.24 0.428625
1.86 0.26 0.46803
1.86 0.28 0.50851
1.86 0.3 0.550079
1.86 0.32 0.592751
1.86 0.34 0.636533
1.86 0.36 0.681436
1.86 0.38 0.727464
1.86 0.4 0.774622
1.86 0.42 0.822914
1.86 0.44 0.872341
1.86 0.46 0.922904
1.86 0.48 0.974601
1.88 0 0.0279831
1.88 0.02 0.0562455
1.88 0.04 0.0850169
1.88 0.06 0.114465
1.88 0.08 0.144708
1.88 0.1 0.175828
1.88 0.12 0.207883
1.88 0.14 0.24092
1.88 0.16 0.274974
1.88 0.18 0.310077
1.88 0.2 0.346254
1.88 0.22 0.383526
1.88 0.24 0.421915
1.88 0.26 0.461435
1.88 0.28 0.502102
1.88 0.3 0.543927
1.88 0.32 0.586922
1.88 0.34 0.631094
1.88 0.36 0.676451
1.88 0.38 0.722998
1.88 0.4 0.77074
1.88 0.42 0.81968
1.88 0.44 0.869818
1.88 0.46 0.921155
1.88 0.48 0.97369
1.9 0 0.0265675
1.9 0.02 0.0535313
1.9 0.04 0.0811761
1.9 0.06 0.109676
1.9 0.08 0.139132
1.9 0.1 0.169606
1.9 0.12 0.20114
1.9 0.14 0.233766
1.9 0.16 0.267509
1.9 0.18 0.302393
1.9 0.2 0.338436
1.9 0.22 0.375658
1.9 0.24 0.414072
1.9 0.26 0.453694
1.9 0.28 0.494535
1.9 0.3 0.536606
1.9 0.32 0.579915
1.9 0.34 0.62447
1.9 0.36 0.670276
1.9 0.38 0.717339
1.9 0.4 0.765662
1.9 0.42 0.815247
1.9 0.44 0.866096
1.9 0.46 0.918208
1.9 0.48 0.971584
1.92 0 0.0247557
1.92 0.02 0.0501363
1.92 0.04 0.0764805
1.92 0.06 0.10393
1.92 0.08 0.132537
1.92 0.1 0.162325
1.92 0.12 0.193307
1.92 0.14 0.225495
1.92 0.16 0.258904
1.92 0.18 0.293549
1.92 0.2 0.329441
1.92 0.22 0.366595
1.92 0.24 0.405023
1.92 0.26 0.444735
1.92 0.28 0.48574
1.92 0.3 0.528047
1.92 0.32 0.571663
1.92 0.34 0.616594
1.92 0.36 0.662845
1.92 0.38 0.71042
1.92 0.4 0.759321
1.92 0.42 0.809551
1.92 0.44 0.86111
1.92 0.46 0.913999
1.92 0.48 0.968217
1.94 0 0.0223189
1.94 0.02 0.0457778
1.94 0.04 0.0706797
1.94 0.06 0.0970258
1.94 0.08 0.124763
1.94 0.1 0.15385
1.94 0.12 0.184266
1.94 0.14 0.216004
1.94 0.16 0.249065
1.94 0.18 0.283456
1.94 0.2 0.319185
1.94 0.22 0.35626
1.94 0.24 0.39469
1.94 0.26 0.434481
1.94 0.28 0.475642
1.94 0.3 0.518179
1.94 0.32 0.562096
1.94 0.34 0.607399
1.94 0.36 0.654091
1.94 0.38 0.702174
1.94 0.4 0.751652
1.94 0.42 0.802525
1.94 0.44 0.854795
1.94 0.46 0.908461
1.94 0.48 0.963523
1.96 0 0.0187421
1.96 0.02 0.0399763
1.96 0.04 0.0634348
1.96 0.06 0.0887308
1.96 0.08 0.115638
1.96 0.1 0.144046
1.96 0.12 0.173903
1.96 0.14 0.205188
1.96 0.16 0.237896
1.96 0.18 0.272026
1.96 0.2 0.307583
1.96 0.22 0.34457
1.96 0.24 0.382994
1.96 0.26 0.422859
1.96 0.28 0.46417
1.96 0.3 0.50693
1.96 0.32 0.551144
1.96 0.34 0.596815
1.96 0.36 0.643944
1.96 0.38 0.692535
1.96 0.4 0.742587
1.96 0.42 0.794103
1.96 0.44 0.847083
1.96 0.46 0.901527
1.96 0.48 0.957434
1.98 0 0.0126731
1.98 0.02 0.0319504
1.98 0.04 0.0543524
1.98 0.06 0.0788243
1.98 0.08 0.105014
1.98 0.1 0.132793
1.98 0.12 0.162112
1.98 0.14 0.192951
1.98 0.16 0.225304
1.98 0.18 0.25917
1.98 0.2 0.294549
1.98 0.22 0.331444
1.98 0.24 0.369857
1.98 0.26 0.409791
1.98 0.28 0.451247
1.98 0.3 0.494228
1.98 0.32 0.538736
1.98 0.34 0.584772
1.98 0.36 0.632337
1.98 0.38 0.681433
1.98 0.4 0.732059
1.98 0.42 0.784217
1.98 0.44 0.837907
1.98 0.46 0.893129
1.98 0.48 0.949883
