0.5 0 0.00964248
0.5 0.02 0.0192811
0.5 0.04 0.0289119
0.5 0.06 0.038531
0.5 0.08 0.0481343
0.5 0.1 0.057718
0.5 0.12 0.0672778
0.5 0.14 0.0768096
0.5 0.16 0.0863092
0.5 0.18 0.0957722
0.5 0.2 0.105194
0.5 0.22 0.114571
0.5 0.24 0.123897
0.5 0.26 0.133169
0.5 0.28 0.142381
0.5 0.3 0.151527
0.5 0.32 0.160604
0.5 0.34 0.169605
0.5 0.36 0.178524
0.5 0.38 0.187357
0.5 0.4 0.196096
0.5 0.42 0.204737
0.5 0.44 0.213271
0.5 0.46 0.221693
0.5 0.48 0.229995
0.52 0 0.0100555
0.52 0.02 0.0201072
0.52 0.04 0.030151
0.52 0.06 0.0401829
0.52 0.08 0.050199
0.52 0.1 0.0601952
0.52 0.12 0.0701673
0.52 0.14 0.0801112
0.52 0.16 0.0900226
0.52 0.18 0.0998972
0.52 0.2 0.10973
0.52 0.22 0.119518
0.52 0.24 0.129254
0.52 0.26 0.138936
0.52 0.28 0.148556
0.52 0.3 0.158112
0.52 0.32 0.167596
0.52 0.34 0.177004
0.52 0.36 0.18633
0.52 0.38 0.195568
0.52 0.4 0.204712
0.52 0.42 0.213755
0.52 0.44 0.222692
0.52 0.46 0.231516
0.52 0.48 0.240218
0.54 0 0.0104727
0.54 0.02 0.0209414
0.54 0.04 0.0314022
0.54 0.06 0.0418512
0.54 0.08 0.0522841
0.54 0.1 0.0626971
0.54 0.12 0.0730858
0.54 0.14 0.0834462
0.54 0.16 0.0937738
0.54 0.18 0.104064
0.54 0.2 0.114313
0.54 0.22 0.124516
0.54 0.24 0.134668
0.54 0.26 0.144764
0.54 0.28 0.154799
0.54 0.3 0.164768
0.54 0.32 0.174666
0.54 0.34 0.184486
0.54 0.36 0.194224
0.54 0.38 0.203874
0.54 0.4 0.213429
0.54 0.42 0.222883
0.54 0.44 0.232229
0.54 0.46 0.241461
0.54 0.48 0.250571
0.56 0 0.0108938
0.56 0.02 0.0217837
0.56 0.04 0.0326657
0.56 0.06 0.0435358
0.56 0.08 0.0543898
0.56 0.1 0.0652237
0.56 0.12 0.0760334
0.56 0.14 0.0868146
0.56 0.16 0.0975629
0.56 0.18 0.108274
0.56 0.2 0.118943
0.56 0.22 0.129566
0.56 0.24 0.140138
0.56 0.26 0.150654
0.56 0.28 0.161109
0.56 0.3 0.171497
0.56 0.32 0.181813
0.56 0.34 0.192053
0.56 0.36 0.202209
0.56 0.38 0.212276
0.56 0.4 0.222248
0.56 0.42 0.232119
0.56 0.44 0.241881
0.56 0.46 0.251529
0.56 0.48 0.261054
0.58 0 0.0113191
0.58 0.02 0.0226343
0.58 0.04 0.0339415
0.58 0.06 0.0452368
0.58 0.08 0.0565161
0.58 0.1 0.0677753
0.58 0.12 0.0790102
0.58 0.14 0.0902166
0.58 0.16 0.10139
0.58 0.18 0.112526
0.58 0.2 0.123621
0.58 0.22 0.134669
0.58 0.24 0.145666
0.58 0.26 0.156607
0.58 0.28 0.167486
0.58 0.3 0.178299
0.58 0.32 0.18904
0.58 0.34 0.199704
0.58 0.36 0.210284
0.58 0.38 0.220775
0.58 0.4 0.231171
0.58 0.42 0.241465
0.58 0.44 0.25165
0.58 0.46 0.26172
0.58 0.48 0.271668
0.6 0 0.0117484
0.6 0.02 0.023493
0.6 0.04 0.0352296
0.6 0.06 0.0469543
0.6 0.08 0.0586631
0.6 0.1 0.0703518
0.6 0.12 0.0820163
0.6 0.14 0.0936523
0.6 0.16 0.105256
0.6 0.18 0.116822
0.6 0.2 0.128346
0.6 0.22 0.139824
0.6 0.24 0.151251
0.6 0.26 0.162622
0.6 0.28 0.173931
0.6 0.3 0.185174
0.6 0.32 0.196346
0.6 0.34 0.20744
0.6 0.36 0.21845
0.6 0.38 0.229371
0.6 0.4 0.240197
0.6 0.42 0.250921
0.6 0.44 0.261536
0.6 0.46 0.272036
0.6 0.48 0.282413
0.62 0 0.0121819
0.62 0.02 0.0243598
0.62 0.04 0.0365299
0.62 0.06 0.0486882
0.62 0.08 0.0608306
0.62 0.1 0.0729531
0.62 0.12 0.0850515
0.62 0.14 0.0971216
0.62 0.16 0.109159
0.62 0.18 0.12116
0.62 0.2 0.133119
0.62 0.22 0.145031
0.62 0.24 0.156893
0.62 0.26 0.168699
0.62 0.28 0.180444
0.62 0.3 0.192123
0.62 0.32 0.20373
0.62 0.34 0.21526
0.62 0.36 0.226707
0.62 0.38 0.238064
0.62 0.4 0.249327
0.62 0.42 0.260487
0.62 0.44 0.271539
0.62 0.46 0.282476
0.62 0.48 0.29329
0.64 0 0.0126193
0.64 0.02 0.0252348
0.64 0.04 0.0378425
0.64 0.06 0.0504385
0.64 0.08 0.0630187
0.64 0.1 0.0755792
0.64 0.12 0.0881158
0.64 0.14 0.100624
0.64 0.16 0.113101
0.64 0.18 0.12554
0.64 0.2 0.137939
0.64 0.22 0.150291
0.64 0.24 0.162593
0.64 0.26 0.174839
0.64 0.28 0.187025
0.64 0.3 0.199145
0.64 0.32 0.211194
0.64 0.34 0.223165
0.64 0.36 0.235054
0.64 0.38 0.246855
0.64 0.4 0.25856
0.64 0.42 0.270164
0.64 0.44 0.281659
0.64 0.46 0.29304
0.64 0.48 0.304298
0.66 0 0.0130608
0.66 0.02 0.0261178
0.66 0.04 0.0391672
0.66 0.06 0.0522049
0.66 0.08 0.0652271
0.66 0.1 0.0782298
0.66 0.12 0.091209
0.66 0.14 0.10416
0.66 0.16 0.11708
0.66 0.18 0.129963
0.66 0.2 0.142805
0.66 0.22 0.155602
0.66 0.24 0.168349
0.66 0.26 0.181041
0.66 0.28 0.193673
0.66 0.3 0.206239
0.66 0.32 0.218735
0.66 0.34 0.231155
0.66 0.36 0.243492
0.66 0.38 0.255741
0.66 0.4 0.267896
0.66 0.42 0.27995
0.66 0.44 0.291896
0.66 0.46 0.303728
0.66 0.48 0.315438
0.68 0 0.0135063
0.68 0.02 0.0270088
0.68 0.04 0.0405038
0.68 0.06 0.0539873
0.68 0.08 0.0674557
0.68 0.1 0.0809048
0.68 0.12 0.0943306
0.68 0.14 0.107729
0.68 0.16 0.121096
0.68 0.18 0.134428
0.68 0.2 0.147719
0.68 0.22 0.160965
0.68 0.24 0.174162
0.68 0.26 0.187304
0.68 0.28 0.200388
0.68 0.3 0.213406
0.68 0.32 0.226355
0.68 0.34 0.239228
0.68 0.36 0.25202
0.68 0.38 0.264724
0.68 0.4 0.277335
0.68 0.42 0.289846
0.68 0.44 0.30225
0.68 0.46 0.31454
0.68 0.48 0.326709
0.7 0 0.0139556
0.7 0.02 0.0279076
0.7 0.04 0.0418522
0.7 0.06 0.0557856
0.7 0.08 0.069704
0.7 0.1 0.0836036
0.7 0.12 0.0974804
0.7 0.14 0.11133
0.7 0.16 0.12515
0.7 0.18 0.138933
0.7 0.2 0.152678
0.7 0.22 0.166378
0.7 0.24 0.18003
0.7 0.26 0.193628
0.7 0.28 0.207168
0.7 0.3 0.220644
0.7 0.32 0.234052
0.7 0.34 0.247384
0.7 0.36 0.260636
0.7 0.38 0.273802
0.7 0.4 0.286876
0.7 0.42 0.29985
0.7 0.44 0.312719
0.7 0.46 0.325474
0.7 0.48 0.33811
0.72 0 0.0144088
0.72 0.02 0.0288141
0.72 0.04 0.0432121
0.72 0.06 0.0575992
0.72 0.08 0.0719718
0.72 0.1 0.0863259
0.72 0.12 0.100658
0.72 0.14 0.114963
0.72 0.16 0.129239
0.72 0.18 0.14348
0.72 0.2 0.157682
0.72 0.22 0.171842
0.72 0.24 0.185953
0.72 0.26 0.200012
0.72 0.28 0.214014
0.72 0.3 0.227953
0.72 0.32 0.241824
0.72 0.34 0.255622
0.72 0.36 0.269341
0.72 0.38 0.282975
0.72 0.4 0.296517
0.72 0.42 0.309962
0.72 0.44 0.323302
0.72 0.46 0.336531
0.72 0.48 0.349641
0.74 0 0.0148658
0.74 0.02 0.0297281
0.74 0.04 0.0445833
0.74 0.06 0.0594281
0.74 0.08 0.0742586
0.74 0.1 0.0890712
0.74 0.12 0.103862
0.74 0.14 0.118628
0.74 0.16 0.133364
0.74 0.18 0.148066
0.74 0.2 0.162731
0.74 0.22 0.177354
0.74 0.24 0.19193
0.74 0.26 0.206455
0.74 0.28 0.220924
0.74 0.3 0.235331
0.74 0.32 0.249672
0.74 0.34 0.263941
0.74 0.36 0.278133
0.74 0.38 0.29224
0.74 0.4 0.306258
0.74 0.42 0.32018
0.74 0.44 0.333999
0.74 0.46 0.347707
0.74 0.48 0.361299
0.76 0 0.0153263
0.76 0.02 0.0306493
0.76 0.04 0.0459656
0.76 0.06 0.0612716
0.76 0.08 0.0765639
0.76 0.1 0.0918388
0.76 0.12 0.107093
0.76 0.14 0.122322
0.76 0.16 0.137523
0.76 0.18 0.152691
0.76 0.2 0.167823
0.76 0.22 0.182914
0.76 0.24 0.19796
0.76 0.26 0.212955
0.76 0.28 0.227896
0.76 0.3 0.242777
0.76 0.32 0.257594
0.76 0.34 0.27234
0.76 0.36 0.28701
0.76 0.38 0.301598
0.76 0.4 0.316097
0.76 0.42 0.330503
0.76 0.44 0.344807
0.76 0.46 0.359003
0.76 0.48 0.373084
0.78 0 0.0157904
0.78 0.02 0.0315777
0.78 0.04 0.0473584
0.78 0.06 0.0631293
0.78 0.08 0.0788871
0.78 0.1 0.0946282
0.78 0.12 0.110349
0.78 0.14 0.126046
0.78 0.16 0.141716
0.78 0.18 0.157354
0.78 0.2 0.172957
0.78 0.22 0.188521
0.78 0.24 0.204041
0.78 0.26 0.219512
0.78 0.28 0.23493
0.78 0.3 0.25029
0.78 0.32 0.265587
0.78 0.34 0.280816
0.78 0.36 0.29597
0.78 0.38 0.311045
0.78 0.4 0.326033
0.78 0.42 0.340929
0.78 0.44 0.355725
0.78 0.46 0.370416
0.78 0.48 0.384993
0.8 0 0.0162579
0.8 0.02 0.0325128
0.8 0.04 0.0487615
0.8 0.06 0.0650008
0.8 0.08 0.0812275
0.8 0.1 0.0974384
0.8 0.12 0.11363
0.8 0.14 0.129799
0.8 0.16 0.145941
0.8 0.18 0.162054
0.8 0.2 0.178132
0.8 0.22 0.194173
0.8 0.24 0.210171
0.8 0.26 0.226123
0.8 0.28 0.242023
0.8 0.3 0.257868
0.8 0.32 0.273651
0.8 0.34 0.289368
0.8 0.36 0.305013
0.8 0.38 0.320579
0.8 0.4 0.336063
0.8 0.42 0.351456
0.8 0.44 0.366752
0.8 0.46 0.381944
0.8 0.48 0.397025
0.82 0 0.0167287
0.82 0.02 0.0334544
0.82 0.04 0.0501743
0.82 0.06 0.0668854
0.82 0.08 0.0835845
0.82 0.1 0.100269
0.82 0.12 0.116934
0.82 0.14 0.133579
0.82 0.16 0.150198
0.82 0.18 0.166788
0.82 0.2 0.183347
0.82 0.22 0.199868
0.82 0.24 0.21635
0.82 0.26 0.232787
0.82 0.28 0.249174
0.82 0.3 0.265508
0.82 0.32 0.281783
0.82 0.34 0.297993
0.82 0.36 0.314134
0.82 0.38 0.3302
0.82 0.4 0.346184
0.82 0.42 0.362081
0.82 0.44 0.377884
0.82 0.46 0.393585
0.82 0.48 0.409178
0.84 0 0.0172025
0.84 0.02 0.0344022
0.84 0.04 0.0515965
0.84 0.06 0.0687824
0.84 0.08 0.0859572
0.84 0.1 0.103118
0.84 0.12 0.120261
0.84 0.14 0.137384
0.84 0.16 0.154484
0.84 0.18 0.171556
0.84 0.2 0.188598
0.84 0.22 0.205606
0.84 0.24 0.222575
0.84 0.26 0.239501
0.84 0.28 0.256381
0.84 0.3 0.273209
0.84 0.32 0.28998
0.84 0.34 0.30669
0.84 0.36 0.323334
0.84 0.38 0.339904
0.84 0.4 0.356396
0.84 0.42 0.372803
0.84 0.44 0.389119
0.84 0.46 0.405336
0.84 0.48 0.421448
0.86 0 0.0176791
0.86 0.02 0.0353558
0.86 0.04 0.0530273
0.86 0.06 0.0706912
0.86 0.08 0.0883447
0.86 0.1 0.105985
0.86 0.12 0.123609
0.86 0.14 0.141215
0.86 0.16 0.158798
0.86 0.18 0.176356
0.86 0.2 0.193886
0.86 0.22 0.211383
0.86 0.24 0.228844
0.86 0.26 0.246264
0.86 0.28 0.26364
0.86 0.3 0.280968
0.86 0.32 0.298241
0.86 0.34 0.315456
0.86 0.36 0.332607
0.86 0.38 0.349688
0.86 0.4 0.366694
0.86 0.42 0.383618
0.86 0.44 0.400454
0.86 0.46 0.417195
0.86 0.48 0.433833
0.88 0 0.0181585
0.88 0.02 0.0363147
0.88 0.04 0.0544663
0.88 0.06 0.0726109
0.88 0.08 0.090746
0.88 0.1 0.108869
0.88 0.12 0.126977
0.88 0.14 0.145068
0.88 0.16 0.163139
0.88 0.18 0.181186
0.88 0.2 0.199207
0.88 0.22 0.217197
0.88 0.24 0.235154
0.88 0.26 0.253073
0.88 0.28 0.270951
0.88 0.3 0.288782
0.88 0.32 0.306563
0.88 0.34 0.324288
0.88 0.36 0.341952
0.88 0.38 0.35955
0.88 0.4 0.377076
0.88 0.42 0.394523
0.88 0.44 0.411886
0.88 0.46 0.429157
0.88 0.48 0.44633
0.9 0 0.0186403
0.9 0.02 0.0372786
0.9 0.04 0.0559128
0.9 0.06 0.0745406
0.9 0.08 0.0931599
0.9 0.1 0.111768
0.9 0.12 0.130364
0.9 0.14 0.148943
0.9 0.16 0.167504
0.9 0.18 0.186044
0.9 0.2 0.204559
0.9 0.22 0.223047
0.9 0.24 0.241503
0.9 0.26 0.259925
0.9 0.28 0.278308
0.9 0.3 0.296649
0.9 0.32 0.314941
0.9 0.34 0.333182
0.9 0.36 0.351365
0.9 0.38 0.369486
0.9 0.4 0.387538
0.9 0.42 0.405515
0.9 0.44 0.423412
0.9 0.46 0.44122
0.9 0.48 0.458934
0.92 0 0.0191244
0.92 0.02 0.0382469
0.92 0.04 0.0573659
0.92 0.06 0.0764794
0.92 0.08 0.0955854
0.92 0.1 0.114682
0.92 0.12 0.133767
0.92 0.14 0.152837
0.92 0.16 0.171892
0.92 0.18 0.190927
0.92 0.2 0.20994
0.92 0.22 0.228929
0.92 0.24 0.247889
0.92 0.26 0.266818
0.92 0.28 0.285711
0.92 0.3 0.304564
0.92 0.32 0.323374
0.92 0.34 0.342135
0.92 0.36 0.360843
0.92 0.38 0.379492
0.92 0.4 0.398076
0.92 0.42 0.41659
0.92 0.44 0.435027
0.92 0.46 0.453381
0.92 0.48 0.471643
0.94 0 0.0196103
0.94 0.02 0.0392192
0.94 0.04 0.058825
0.94 0.06 0.0784262
0.94 0.08 0.098021
0.94 0.1 0.117608
0.94 0.12 0.137184
0.94 0.14 0.156749
0.94 0.16 0.1763
0.94 0.18 0.195833
0.94 0.2 0.215348
0.94 0.22 0.234841
0.94 0.24 0.254308
0.94 0.26 0.273747
0.94 0.28 0.293154
0.94 0.3 0.312526
0.94 0.32 0.331857
0.94 0.34 0.351144
0.94 0.36 0.370381
0.94 0.38 0.389564
0.94 0.4 0.408687
0.94 0.42 0.427743
0.94 0.44 0.446728
0.94 0.46 0.465633
0.94 0.48 0.484452
0.96 0 0.020098
0.96 0.02 0.0401948
0.96 0.04 0.0602892
0.96 0.06 0.0803799
0.96 0.08 0.100465
0.96 0.1 0.120544
0.96 0.12 0.140615
0.96 0.14 0.160676
0.96 0.16 0.180725
0.96 0.18 0.20076
0.96 0.2 0.220779
0.96 0.22 0.240779
0.96 0.24 0.260757
0.96 0.26 0.28071
0.96 0.28 0.300635
0.96 0.3 0.320529
0.96 0.32 0.340386
0.96 0.34 0.360204
0.96 0.36 0.379976
0.96 0.38 0.399698
0.96 0.4 0.419365
0.96 0.42 0.438971
0.96 0.44 0.458509
0.96 0.46 0.477974
0.96 0.48 0.497357
0.98 0 0.020587
0.98 0.02 0.0411731
0.98 0.04 0.0617575
0.98 0.06 0.0823392
0.98 0.08 0.102917
0.98 0.1 0.12349
0.98 0.12 0.144057
0.98 0.14 0.164616
0.98 0.16 0.185166
0.98 0.18 0.205704
0.98 0.2 0.22623
0.98 0.22 0.24674
0.98 0.24 0.267232
0.98 0.26 0.287703
0.98 0.28 0.30815
0.98 0.3 0.32857
0.98 0.32 0.348958
0.98 0.34 0.36931
0.98 0.36 0.389623
0.98 0.38 0.40989
0.98 0.4 0.430107
0.98 0.42 0.450268
0.98 0.44 0.470367
0.98 0.46 0.490397
0.98 0.48 0.510352
