1 0 0.021077
1 0.02 0.0421535
1 0.04 0.063229
1 0.06 0.0843029
1 0.08 0.105374
1 0.1 0.126443
1 0.12 0.147507
1 0.14 0.168566
1 0.16 0.189619
1 0.18 0.210663
1 0.2 0.231698
1 0.22 0.25272
1 0.24 0.273729
1 0.26 0.294721
1 0.28 0.315694
1 0.3 0.336643
1 0.32 0.357566
1 0.34 0.378459
1 0.36 0.399316
1 0.38 0.420134
1 0.4 0.440907
1 0.42 0.46163
1 0.44 0.482296
1 0.46 0.502899
1 0.48 0.523432
1.02 0 0.0215677
1.02 0.02 0.0431354
1.02 0.04 0.0647028
1.02 0.06 0.0862697
1.02 0.08 0.107836
1.02 0.1 0.129401
1.02 0.12 0.150964
1.02 0.14 0.172524
1.02 0.16 0.194081
1.02 0.18 0.215633
1.02 0.2 0.237179
1.02 0.22 0.258717
1.02 0.24 0.280246
1.02 0.26 0.301762
1.02 0.28 0.323263
1.02 0.3 0.344746
1.02 0.32 0.366208
1.02 0.34 0.387645
1.02 0.36 0.409052
1.02 0.38 0.430426
1.02 0.4 0.451761
1.02 0.42 0.473051
1.02 0.44 0.49429
1.02 0.46 0.515473
1.02 0.48 0.536592
1.04 0 0.0220587
1.04 0.02 0.0441178
1.04 0.04 0.0661775
1.04 0.06 0.0882379
1.04 0.08 0.110299
1.04 0.1 0.132361
1.04 0.12 0.154424
1.04 0.14 0.176487
1.04 0.16 0.198549
1.04 0.18 0.220611
1.04 0.2 0.24267
1.04 0.22 0.264725
1.04 0.24 0.286776
1.04 0.26 0.308818
1.04 0.28 0.330851
1.04 0.3 0.352872
1.04 0.32 0.374877
1.04 0.34 0.396862
1.04 0.36 0.418824
1.04 0.38 0.440759
1.04 0.4 0.46266
1.04 0.42 0.484524
1.04 0.44 0.506344
1.04 0.46 0.528113
1.04 0.48 0.549825
1.06 0 0.0225496
1.06 0.02 0.0451
1.06 0.04 0.0676518
1.06 0.06 0.0902058
1.06 0.08 0.112762
1.06 0.1 0.135322
1.06 0.12 0.157885
1.06 0.14 0.180451
1.06 0.16 0.20302
1.06 0.18 0.225592
1.06 0.2 0.248166
1.06 0.22 0.27074
1.06 0.24 0.293314
1.06 0.26 0.315886
1.06 0.28 0.338454
1.06 0.3 0.361015
1.06 0.32 0.383566
1.06 0.34 0.406104
1.06 0.36 0.428626
1.06 0.38 0.451126
1.06 0.4 0.4736
1.06 0.42 0.496043
1.06 0.44 0.518449
1.06 0.46 0.540812
1.06 0.48 0.563125
1.08 0 0.0230399
1.08 0.02 0.046081
1.08 0.04 0.0691245
1.08 0.06 0.0921716
1.08 0.08 0.115223
1.08 0.1 0.13828
1.08 0.12 0.161343
1.08 0.14 0.184413
1.08 0.16 0.207489
1.08 0.18 0.230572
1.08 0.2 0.253662
1.08 0.22 0.276757
1.08 0.24 0.299857
1.08 0.26 0.32296
1.08 0.28 0.346065
1.08 0.3 0.369169
1.08 0.32 0.392271
1.08 0.34 0.415365
1.08 0.36 0.43845
1.08 0.38 0.461521
1.08 0.4 0.484573
1.08 0.42 0.507601
1.08 0.44 0.5306
1.08 0.46 0.553563
1.08 0.48 0.576484
1.1 0 0.023529
1.1 0.02 0.0470598
1.1 0.04 0.0705941
1.1 0.06 0.0941334
1.1 0.08 0.117679
1.1 0.1 0.141233
1.1 0.12 0.164796
1.1 0.14 0.188369
1.1 0.16 0.211952
1.1 0.18 0.235547
1.1 0.2 0.259153
1.1 0.22 0.28277
1.1 0.24 0.306397
1.1 0.26 0.330034
1.1 0.28 0.353678
1.1 0.3 0.377329
1.1 0.32 0.400983
1.1 0.34 0.424638
1.1 0.36 0.44829
1.1 0.38 0.471936
1.1 0.4 0.495571
1.1 0.42 0.51919
1.1 0.44 0.542788
1.1 0.46 0.566359
1.1 0.48 0.589895
1.12 0 0.0240166
1.12 0.02 0.0480355
1.12 0.04 0.072059
1.12 0.06 0.0960892
1.12 0.08 0.120128
1.12 0.1 0.144178
1.12 0.12 0.16824
1.12 0.14 0.192315
1.12 0.16 0.216406
1.12 0.18 0.240512
1.12 0.2 0.264635
1.12 0.22 0.288774
1.12 0.24 0.31293
1.12 0.26 0.337101
1.12 0.28 0.361287
1.12 0.3 0.385486
1.12 0.32 0.409696
1.12 0.34 0.433915
1.12 0.36 0.458139
1.12 0.38 0.482364
1.12 0.4 0.506587
1.12 0.42 0.530803
1.12 0.44 0.555006
1.12 0.46 0.57919
1.12 0.48 0.603349
1.14 0 0.024502
1.14 0.02 0.049007
1.14 0.04 0.0735177
1.14 0.06 0.0980368
1.14 0.08 0.122567
1.14 0.1 0.147111
1.14 0.12 0.17167
1.14 0.14 0.196248
1.14 0.16 0.220845
1.14 0.18 0.245462
1.14 0.2 0.270102
1.14 0.22 0.294764
1.14 0.24 0.319448
1.14 0.26 0.344156
1.14 0.28 0.368885
1.14 0.3 0.393635
1.14 0.32 0.418403
1.14 0.34 0.443188
1.14 0.36 0.467988
1.14 0.38 0.492797
1.14 0.4 0.517613
1.14 0.42 0.54243
1.14 0.44 0.567244
1.14 0.46 0.592049
1.14 0.48 0.616837
1.16 0 0.0249847
1.16 0.02 0.049973
1.16 0.04 0.0749683
1.16 0.06 0.0999739
1.16 0.08 0.124993
1.16 0.1 0.150029
1.16 0.12 0.175084
1.16 0.14 0.200162
1.16 0.16 0.225263
1.16 0.18 0.250391
1.16 0.2 0.275547
1.16 0.22 0.300732
1.16 0.24 0.325946
1.16 0.26 0.35119
1.16 0.28 0.376463
1.16 0.3 0.401765
1.16 0.32 0.427095
1.16 0.34 0.45245
1.16 0.36 0.477828
1.16 0.38 0.503225
1.16 0.4 0.528638
1.16 0.42 0.554063
1.16 0.44 0.579494
1.16 0.46 0.604925
1.16 0.48 0.63035
1.18 0 0.025464
1.18 0.02 0.0509323
1.18 0.04 0.0764089
1.18 0.06 0.101898
1.18 0.08 0.127403
1.18 0.1 0.152928
1.18 0.12 0.178477
1.18 0.14 0.204052
1.18 0.16 0.229657
1.18 0.18 0.255294
1.18 0.2 0.280965
1.18 0.22 0.306671
1.18 0.24 0.332415
1.18 0.26 0.358196
1.18 0.28 0.384014
1.18 0.3 0.409871
1.18 0.32 0.435763
1.18 0.34 0.46169
1.18 0.36 0.48765
1.18 0.38 0.513639
1.18 0.4 0.539654
1.18 0.42 0.565691
1.18 0.44 0.591745
1.18 0.46 0.617809
1.18 0.48 0.643879
1.2 0 0.0259393
1.2 0.02 0.0518835
1.2 0.04 0.0778375
1.2 0.06 0.103806
1.2 0.08 0.129794
1.2 0.1 0.155805
1.2 0.12 0.181844
1.2 0.14 0.207914
1.2 0.16 0.23402
1.2 0.18 0.260163
1.2 0.2 0.286348
1.2 0.22 0.312575
1.2 0.24 0.338847
1.2 0.26 0.365165
1.2 0.28 0.39153
1.2 0.3 0.417941
1.2 0.32 0.444398
1.2 0.34 0.4709
1.2 0.36 0.497444
1.2 0.38 0.524029
1.2 0.4 0.55065
1.2 0.42 0.577304
1.2 0.44 0.603986
1.2 0.46 0.630691
1.2 0.48 0.657411
1.22 0 0.0264097
1.22 0.02 0.0528252
1.22 0.04 0.079252
1.22 0.06 0.105696
1.22 0.08 0.132162
1.22 0.1 0.158655
1.22 0.12 0.18518
1.22 0.14 0.211742
1.22 0.16 0.238346
1.22 0.18 0.264993
1.22 0.2 0.291689
1.22 0.22 0.318436
1.22 0.24 0.345235
1.22 0.26 0.37209
1.22 0.28 0.399
1.22 0.3 0.425967
1.22 0.32 0.45299
1.22 0.34 0.480068
1.22 0.36 0.5072
1.22 0.38 0.534384
1.22 0.4 0.561615
1.22 0.42 0.588892
1.22 0.44 0.616208
1.22 0.46 0.643558
1.22 0.48 0.670937
1.24 0 0.0268746
1.24 0.02 0.0537559
1.24 0.04 0.0806501
1.24 0.06 0.107564
1.24 0.08 0.134503
1.24 0.1 0.161473
1.24 0.12 0.188481
1.24 0.14 0.21553
1.24 0.16 0.242628
1.24 0.18 0.269776
1.24 0.2 0.296981
1.24 0.22 0.324244
1.24 0.24 0.35157
1.24 0.26 0.37896
1.24 0.28 0.406416
1.24 0.3 0.433939
1.24 0.32 0.461528
1.24 0.34 0.489185
1.24 0.36 0.516907
1.24 0.38 0.544692
1.24 0.4 0.572538
1.24 0.42 0.600441
1.24 0.44 0.628396
1.24 0.46 0.656399
1.24 0.48 0.684443
1.26 0 0.0273332
1.26 0.02 0.0546738
1.26 0.04 0.0820292
1.26 0.06 0.109407
1.26 0.08 0.136813
1.26 0.1 0.164255
1.26 0.12 0.191739
1.26 0.14 0.219272
1.26 0.16 0.246859
1.26 0.18 0.274505
1.26 0.2 0.302215
1.26 0.22 0.329992
1.26 0.24 0.357842
1.26 0.26 0.385766
1.26 0.28 0.413766
1.26 0.3 0.441844
1.26 0.32 0.470002
1.26 0.34 0.498238
1.26 0.36 0.526551
1.26 0.38 0.554941
1.26 0.4 0.583405
1.26 0.42 0.611939
1.26 0.44 0.640539
1.26 0.46 0.6692
1.26 0.48 0.697916
1.28 0 0.0277844
1.28 0.02 0.0555772
1.28 0.04 0.0833867
1.28 0.06 0.111221
1.28 0.08 0.139088
1.28 0.1 0.166995
1.28 0.12 0.194951
1.28 0.14 0.222961
1.28 0.16 0.251032
1.28 0.18 0.27917
1.28 0.2 0.307382
1.28 0.22 0.33567
1.28 0.24 0.36404
1.28 0.26 0.392496
1.28 0.28 0.42104
1.28 0.3 0.449673
1.28 0.32 0.478398
1.28 0.34 0.507214
1.28 0.36 0.536122
1.28 0.38 0.565119
1.28 0.4 0.594204
1.28 0.42 0.623373
1.28 0.44 0.652623
1.28 0.46 0.681949
1.28 0.48 0.711344
1.3 0 0.0282274
1.3 0.02 0.0564642
1.3 0.04 0.0847197
1.3 0.06 0.113003
1.3 0.08 0.141323
1.3 0.1 0.169689
1.3 0.12 0.198108
1.3 0.14 0.226589
1.3 0.16 0.255139
1.3 0.18 0.283764
1.3 0.2 0.312472
1.3 0.22 0.341267
1.3 0.24 0.370155
1.3 0.26 0.39914
1.3 0.28 0.428225
1.3 0.3 0.457412
1.3 0.32 0.486704
1.3 0.34 0.516101
1.3 0.36 0.545604
1.3 0.38 0.57521
1.3 0.4 0.60492
1.3 0.42 0.634729
1.3 0.44 0.664633
1.3 0.46 0.694629
1.3 0.48 0.72471
1.32 0 0.0286611
1.32 0.02 0.0573328
1.32 0.04 0.0860253
1.32 0.06 0.114749
1.32 0.08 0.143514
1.32 0.1 0.172329
1.32 0.12 0.201205
1.32 0.14 0.230149
1.32 0.16 0.259171
1.32 0.18 0.288277
1.32 0.2 0.317476
1.32 0.22 0.346773
1.32 0.24 0.376175
1.32 0.26 0.405685
1.32 0.28 0.435308
1.32 0.3 0.465048
1.32 0.32 0.494906
1.32 0.34 0.524884
1.32 0.36 0.554983
1.32 0.38 0.585201
1.32 0.4 0.615538
1.32 0.42 0.64599
1.32 0.44 0.676554
1.32 0.46 0.707226
1.32 0.48 0.737999
1.34 0 0.0290845
1.34 0.02 0.0581807
1.34 0.04 0.0873001
1.34 0.06 0.116454
1.34 0.08 0.145654
1.34 0.1 0.17491
1.34 0.12 0.204233
1.34 0.14 0.233633
1.34 0.16 0.263119
1.34 0.18 0.292699
1.34 0.2 0.322383
1.34 0.22 0.352176
1.34 0.24 0.382086
1.34 0.26 0.412118
1.34 0.28 0.442277
1.34 0.3 0.472567
1.34 0.32 0.50299
1.34 0.34 0.533549
1.34 0.36 0.564244
1.34 0.38 0.595075
1.34 0.4 0.626042
1.34 0.42 0.657141
1.34 0.44 0.688369
1.34 0.46 0.719723
1.34 0.48 0.751196
1.36 0 0.0294964
1.36 0.02 0.0590057
1.36 0.04 0.0885407
1.36 0.06 0.118114
1.36 0.08 0.147738
1.36 0.1 0.177425
1.36 0.12 0.207186
1.36 0.14 0.237032
1.36 0.16 0.266973
1.36 0.18 0.29702
1.36 0.2 0.327181
1.36 0.22 0.357464
1.36 0.24 0.387877
1.36 0.26 0.418426
1.36 0.28 0.449116
1.36 0.3 0.479953
1.36 0.32 0.51094
1.36 0.34 0.542078
1.36 0.36 0.57337
1.36 0.38 0.604816
1.36 0.4 0.636414
1.36 0.42 0.668164
1.36 0.44 0.700061
1.36 0.46 0.732102
1.36 0.48 0.764281
1.38 0 0.0298955
1.38 0.02 0.0598052
1.38 0.04 0.0897434
1.38 0.06 0.119724
1.38 0.08 0.14976
1.38 0.1 0.179866
1.38 0.12 0.210054
1.38 0.14 0.240335
1.38 0.16 0.270723
1.38 0.18 0.301227
1.38 0.2 0.331857
1.38 0.22 0.362623
1.38 0.24 0.393532
1.38 0.26 0.424593
1.38 0.28 0.455811
1.38 0.3 0.487192
1.38 0.32 0.518739
1.38 0.34 0.550456
1.38 0.36 0.582344
1.38 0.38 0.614405
1.38 0.4 0.646638
1.38 0.42 0.679041
1.38 0.44 0.711611
1.38 0.46 0.744344
1.38 0.48 0.777236
1.4 0 0.0302804
1.4 0.02 0.0605766
1.4 0.04 0.090904
1.4 0.06 0.121278
1.4 0.08 0.151714
1.4 0.1 0.182226
1.4 0.12 0.212828
1.4 0.14 0.243534
1.4 0.16 0.274357
1.4 0.18 0.305308
1.4 0.2 0.336399
1.4 0.22 0.367639
1.4 0.24 0.399038
1.4 0.26 0.430604
1.4 0.28 0.462345
1.4 0.3 0.494265
1.4 0.32 0.52637
1.4 0.34 0.558663
1.4 0.36 0.591148
1.4 0.38 0.623824
1.4 0.4 0.656692
1.4 0.42 0.689752
1.4 0.44 0.722999
1.4 0.46 0.75643
1.4 0.48 0.790041
1.42 0 0.0306498
1.42 0.02 0.0613168
1.42 0.04 0.0920183
1.42 0.06 0.122771
1.42 0.08 0.153592
1.42 0.1 0.184496
1.42 0.12 0.2155
1.42 0.14 0.246618
1.42 0.16 0.277864
1.42 0.18 0.309251
1.42 0.2 0.340792
1.42 0.22 0.372498
1.42 0.24 0.404378
1.42 0.26 0.436443
1.42 0.28 0.468699
1.42 0.3 0.501154
1.42 0.32 0.533814
1.42 0.34 0.566681
1.42 0.36 0.59976
1.42 0.38 0.633053
1.42 0.4 0.666558
1.42 0.42 0.700276
1.42 0.44 0.734204
1.42 0.46 0.768339
1.42 0.48 0.802675
1.44 0 0.031002
1.44 0.02 0.0620229
1.44 0.04 0.0930817
1.44 0.06 0.124197
1.44 0.08 0.155386
1.44 0.1 0.186668
1.44 0.12 0.218058
1.44 0.14 0.249574
1.44 0.16 0.28123
1.44 0.18 0.313042
1.44 0.2 0.345022
1.44 0.22 0.377182
1.44 0.24 0.409535
1.44 0.26 0.442091
1.44 0.28 0.474857
1.44 0.3 0.507841
1.44 0.32 0.541051
1.44 0.34 0.574489
1.44 0.36 0.608162
1.44 0.38 0.642069
1.44 0.4 0.676213
1.44 0.42 0.710592
1.44 0.44 0.745204
1.44 0.46 0.780047
1.44 0.48 0.815115
1.46 0 0.0313354
1.46 0.02 0.0626915
1.46 0.04 0.094089
1.46 0.06 0.125548
1.46 0.08 0.157089
1.46 0.1 0.188731
1.46 0.12 0.220492
1.46 0.14 0.25239
1.46 0.16 0.284442
1.46 0.18 0.316664
1.46 0.2 0.349071
1.46 0.22 0.381676
1.46 0.24 0.414491
1.46 0.26 0.447528
1.46 0.28 0.480797
1.46 0.3 0.514305
1.46 0.32 0.548059
1.46 0.34 0.582066
1.46 0.36 0.616329
1.46 0.38 0.650851
1.46 0.4 0.685633
1.46 0.42 0.720675
1.46 0.44 0.755976
1.46 0.46 0.791532
1.46 0.48 0.827338
1.48 0 0.0316481
1.48 0.02 0.0633189
1.48 0.04 0.095035
1.48 0.06 0.126819
1.48 0.08 0.158692
1.48 0.1 0.190675
1.48 0.12 0.222789
1.48 0.14 0.255053
1.48 0.16 0.287485
1.48 0.18 0.320103
1.48 0.2 0.352923
1.48 0.22 0.38596
1.48 0.24 0.419227
1.48 0.26 0.452736
1.48 0.28 0.486498
1.48 0.3 0.520522
1.48 0.32 0.554817
1.48 0.34 0.589387
1.48 0.36 0.624238
1.48 0.38 0.659374
1.48 0.4 0.694795
1.48 0.42 0.730502
1.48 0.44 0.766494
1.48 0.46 0.802767
1.48 0.48 0.839318
