0.5 0.5 0.238171
0.5 0.52 0.246214
0.5 0.54 0.254115
0.5 0.56 0.261866
0.5 0.58 0.269459
0.5 0.6 0.276886
0.5 0.62 0.284138
0.5 0.64 0.291205
0.5 0.66 0.298079
0.5 0.68 0.304749
0.5 0.7 0.311207
0.5 0.72 0.31744
0.5 0.74 0.32344
0.5 0.76 0.329196
0.5 0.78 0.334696
0.5 0.8 0.339929
0.5 0.82 0.344884
0.5 0.84 0.349549
0.5 0.86 0.353913
0.5 0.88 0.357964
0.5 0.9 0.361689
0.5 0.92 0.365076
0.5 0.94 0.368113
0.5 0.96 0.370788
0.5 0.98 0.373088
0.52 0.5 0.248794
0.52 0.52 0.257234
0.52 0.54 0.265532
0.52 0.56 0.273678
0.52 0.58 0.281666
0.52 0.6 0.289485
0.52 0.62 0.297128
0.52 0.64 0.304586
0.52 0.66 0.311848
0.52 0.68 0.318905
0.52 0.7 0.325748
0.52 0.72 0.332366
0.52 0.74 0.338749
0.52 0.76 0.344886
0.52 0.78 0.350767
0.52 0.8 0.356379
0.52 0.82 0.361712
0.52 0.84 0.366755
0.52 0.86 0.371495
0.52 0.88 0.375922
0.52 0.9 0.380021
0.52 0.92 0.383783
0.52 0.94 0.387194
0.52 0.96 0.390242
0.52 0.98 0.392915
0.54 0.5 0.259553
0.54 0.52 0.268399
0.54 0.54 0.277101
0.54 0.56 0.285652
0.54 0.58 0.294042
0.54 0.6 0.302263
0.54 0.62 0.310306
0.54 0.64 0.318162
0.54 0.66 0.325823
0.54 0.68 0.333277
0.54 0.7 0.340516
0.54 0.72 0.347528
0.54 0.74 0.354305
0.54 0.76 0.360834
0.54 0.78 0.367106
0.54 0.8 0.373109
0.54 0.82 0.378832
0.54 0.84 0.384264
0.54 0.86 0.389392
0.54 0.88 0.394206
0.54 0.9 0.398692
0.54 0.92 0.40284
0.54 0.94 0.406637
0.54 0.96 0.410071
0.54 0.98 0.413129
0.56 0.5 0.27045
0.56 0.52 0.27971
0.56 0.54 0.288825
0.56 0.56 0.297787
0.56 0.58 0.306588
0.56 0.6 0.315219
0.56 0.62 0.323672
0.56 0.64 0.331937
0.56 0.66 0.340004
0.56 0.68 0.347866
0.56 0.7 0.35551
0.56 0.72 0.362928
0.56 0.74 0.370108
0.56 0.76 0.377041
0.56 0.78 0.383716
0.56 0.8 0.39012
0.56 0.82 0.396244
0.56 0.84 0.402076
0.56 0.86 0.407605
0.56 0.88 0.412817
0.56 0.9 0.417703
0.56 0.92 0.422249
0.56 0.94 0.426444
0.56 0.96 0.430276
0.56 0.98 0.433732
0.58 0.5 0.281485
0.58 0.52 0.291166
0.58 0.54 0.300702
0.58 0.56 0.310085
0.58 0.58 0.319305
0.58 0.6 0.328356
0.58 0.62 0.337227
0.58 0.64 0.345909
0.58 0.66 0.354395
0.58 0.68 0.362672
0.58 0.7 0.370733
0.58 0.72 0.378566
0.58 0.74 0.386161
0.58 0.76 0.393508
0.58 0.78 0.400595
0.58 0.8 0.407413
0.58 0.82 0.41395
0.58 0.84 0.420193
0.58 0.86 0.426133
0.58 0.88 0.431757
0.58 0.9 0.437053
0.58 0.92 0.442009
0.58 0.94 0.446615
0.58 0.96 0.450856
0.58 0.98 0.454722
0.6 0.5 0.29266
0.6 0.52 0.30277
0.6 0.54 0.312735
0.6 0.56 0.322546
0.6 0.58 0.332195
0.6 0.6 0.341673
0.6 0.62 0.350972
0.6 0.64 0.360081
0.6 0.66 0.368993
0.6 0.68 0.377697
0.6 0.7 0.386184
0.6 0.72 0.394442
0.6 0.74 0.402463
0.6 0.76 0.410234
0.6 0.78 0.417746
0.6 0.8 0.424988
0.6 0.82 0.431948
0.6 0.84 0.438615
0.6 0.86 0.444978
0.6 0.88 0.451024
0.6 0.9 0.456743
0.6 0.92 0.462122
0.6 0.94 0.467149
0.6 0.96 0.471812
0.6 0.98 0.4761
0.62 0.5 0.303974
0.62 0.52 0.314521
0.62 0.54 0.324922
0.62 0.56 0.33517
0.62 0.58 0.345256
0.62 0.6 0.355171
0.62 0.62 0.364907
0.62 0.64 0.374453
0.62 0.66 0.383801
0.62 0.68 0.392941
0.62 0.7 0.401864
0.62 0.72 0.410558
0.62 0.74 0.419014
0.62 0.76 0.427221
0.62 0.78 0.435169
0.62 0.8 0.442846
0.62 0.82 0.45024
0.62 0.84 0.457342
0.62 0.86 0.464139
0.62 0.88 0.47062
0.62 0.9 0.476773
0.62 0.92 0.482586
0.62 0.94 0.488047
0.62 0.96 0.493145
0.62 0.98 0.497866
0.64 0.5 0.315427
0.64 0.52 0.326419
0.64 0.54 0.337266
0.64 0.56 0.347959
0.64 0.58 0.35849
0.64 0.6 0.368851
0.64 0.62 0.379032
0.64 0.64 0.389024
0.64 0.66 0.398819
0.64 0.68 0.408405
0.64 0.7 0.417773
0.64 0.72 0.426914
0.64 0.74 0.435816
0.64 0.76 0.444469
0.64 0.78 0.452863
0.64 0.8 0.460986
0.64 0.82 0.468827
0.64 0.84 0.476374
0.64 0.86 0.483618
0.64 0.88 0.490544
0.64 0.9 0.497143
0.64 0.92 0.503402
0.64 0.94 0.509309
0.64 0.96 0.514853
0.64 0.98 0.52002
0.66 0.5 0.327019
0.66 0.52 0.338464
0.66 0.54 0.349764
0.66 0.56 0.360911
0.66 0.58 0.371896
0.66 0.6 0.382712
0.66 0.62 0.393348
0.66 0.64 0.403795
0.66 0.66 0.414045
0.66 0.68 0.424087
0.66 0.7 0.433912
0.66 0.72 0.443509
0.66 0.74 0.452868
0.66 0.76 0.461978
0.66 0.78 0.470829
0.66 0.8 0.479409
0.66 0.82 0.487707
0.66 0.84 0.495712
0.66 0.86 0.503413
0.66 0.88 0.510797
0.66 0.9 0.517854
0.66 0.92 0.524571
0.66 0.94 0.530936
0.66 0.96 0.536937
0.66 0.98 0.542563
0.68 0.5 0.33875
0.68 0.52 0.350656
0.68 0.54 0.362417
0.68 0.56 0.374026
0.68 0.58 0.385474
0.68 0.6 0.396753
0.68 0.62 0.407853
0.68 0.64 0.418766
0.68 0.66 0.429481
0.68 0.68 0.439989
0.68 0.7 0.45028
0.68 0.72 0.460344
0.68 0.74 0.47017
0.68 0.76 0.479747
0.68 0.78 0.489066
0.68 0.8 0.498114
0.68 0.82 0.506881
0.68 0.84 0.515355
0.68 0.86 0.523525
0.68 0.88 0.531379
0.68 0.9 0.538905
0.68 0.92 0.546091
0.68 0.94 0.552926
0.68 0.96 0.559397
0.68 0.98 0.565493
0.7 0.5 0.350619
0.7 0.52 0.362993
0.7 0.54 0.375224
0.7 0.56 0.387304
0.7 0.58 0.399224
0.7 0.6 0.410975
0.7 0.62 0.422549
0.7 0.64 0.433935
0.7 0.66 0.445125
0.7 0.68 0.456109
0.7 0.7 0.466876
0.7 0.72 0.477417
0.7 0.74 0.487721
0.7 0.76 0.497777
0.7 0.78 0.507575
0.7 0.8 0.517102
0.7 0.82 0.526349
0.7 0.84 0.535304
0.7 0.86 0.543954
0.7 0.88 0.552289
0.7 0.9 0.560296
0.7 0.92 0.567964
0.7 0.94 0.57528
0.7 0.96 0.582233
0.7 0.98 0.588811
0.72 0.5 0.362625
0.72 0.52 0.375475
0.72 0.54 0.388184
0.72 0.56 0.400743
0.72 0.58 0.413144
0.72 0.6 0.425376
0.72 0.62 0.437432
0.72 0.64 0.449303
0.72 0.66 0.460977
0.72 0.68 0.472447
0.72 0.7 0.483701
0.72 0.72 0.494729
0.72 0.74 0.505521
0.72 0.76 0.516067
0.72 0.78 0.526354
0.72 0.8 0.536372
0.72 0.82 0.54611
0.72 0.84 0.555556
0.72 0.86 0.564699
0.72 0.88 0.573527
0.72 0.9 0.582027
0.72 0.92 0.590188
0.72 0.94 0.597999
0.72 0.96 0.605445
0.72 0.98 0.612517
0.74 0.5 0.374766
0.74 0.52 0.388102
0.74 0.54 0.401297
0.74 0.56 0.414343
0.74 0.58 0.427232
0.74 0.6 0.439956
0.74 0.62 0.452504
0.74 0.64 0.464867
0.74 0.66 0.477036
0.74 0.68 0.489001
0.74 0.7 0.500752
0.74 0.72 0.512279
0.74 0.74 0.52357
0.74 0.76 0.534615
0.74 0.78 0.545403
0.74 0.8 0.555924
0.74 0.82 0.566164
0.74 0.84 0.576114
0.74 0.86 0.58576
0.74 0.88 0.595092
0.74 0.9 0.604098
0.74 0.92 0.612764
0.74 0.94 0.62108
0.74 0.96 0.629033
0.74 0.98 0.63661
0.76 0.5 0.387042
0.76 0.52 0.40087
0.76 0.54 0.414559
0.76 0.56 0.428102
0.76 0.58 0.441489
0.76 0.6 0.454712
0.76 0.62 0.467761
0.76 0.64 0.480627
0.76 0.66 0.493301
0.76 0.68 0.505772
0.76 0.7 0.51803
0.76 0.72 0.530064
0.76 0.74 0.541865
0.76 0.76 0.553422
0.76 0.78 0.564722
0.76 0.8 0.575755
0.76 0.82 0.58651
0.76 0.84 0.596974
0.76 0.86 0.607137
0.76 0.88 0.616985
0.76 0.9 0.626508
0.76 0.92 0.635692
0.76 0.94 0.644525
0.76 0.96 0.652996
0.76 0.98 0.661092
0.78 0.5 0.39945
0.78 0.52 0.413779
0.78 0.54 0.427971
0.78 0.56 0.442018
0.78 0.58 0.455912
0.78 0.6 0.469644
0.78 0.62 0.483203
0.78 0.64 0.496582
0.78 0.66 0.509769
0.78 0.68 0.522756
0.78 0.7 0.535532
0.78 0.72 0.548086
0.78 0.74 0.560407
0.78 0.76 0.572485
0.78 0.78 0.584309
0.78 0.8 0.595867
0.78 0.82 0.607147
0.78 0.84 0.618138
0.78 0.86 0.628828
0.78 0.88 0.639205
0.78 0.9 0.649256
0.78 0.92 0.65897
0.78 0.94 0.668334
0.78 0.96 0.677335
0.78 0.98 0.685961
0.8 0.5 0.411988
0.8 0.52 0.426826
0.8 0.54 0.441529
0.8 0.56 0.45609
0.8 0.58 0.4705
0.8 0.6 0.484749
0.8 0.62 0.498828
0.8 0.64 0.512729
0.8 0.66 0.526441
0.8 0.68 0.539953
0.8 0.7 0.553257
0.8 0.72 0.566341
0.8 0.74 0.579194
0.8 0.76 0.591805
0.8 0.78 0.604163
0.8 0.8 0.616257
0.8 0.82 0.628074
0.8 0.84 0.639604
0.8 0.86 0.650833
0.8 0.88 0.66175
0.8 0.9 0.672343
0.8 0.92 0.682598
0.8 0.94 0.692504
0.8 0.96 0.702049
0.8 0.98 0.711218
0.82 0.5 0.424655
0.82 0.52 0.440009
0.82 0.54 0.455232
0.82 0.56 0.470315
0.82 0.58 0.485249
0.82 0.6 0.500025
0.82 0.62 0.514634
0.82 0.64 0.529066
0.82 0.66 0.543312
0.82 0.68 0.557361
0.82 0.7 0.571203
0.82 0.72 0.584828
0.82 0.74 0.598223
0.82 0.76 0.611378
0.82 0.78 0.624283
0.82 0.8 0.636924
0.82 0.82 0.64929
0.82 0.84 0.66137
0.82 0.86 0.673151
0.82 0.88 0.684621
0.82 0.9 0.695767
0.82 0.92 0.706577
0.82 0.94 0.717038
0.82 0.96 0.727137
0.82 0.98 0.736862
0.84 0.5 0.437447
0.84 0.52 0.453327
0.84 0.54 0.469077
0.84 0.56 0.484691
0.84 0.58 0.500158
0.84 0.6 0.51547
0.84 0.62 0.530618
0.84 0.64 0.545592
0.84 0.66 0.560382
0.84 0.68 0.574978
0.84 0.7 0.589369
0.84 0.72 0.603545
0.84 0.74 0.617494
0.84 0.76 0.631205
0.84 0.78 0.644666
0.84 0.8 0.657867
0.84 0.82 0.670794
0.84 0.84 0.683436
0.84 0.86 0.695781
0.84 0.88 0.707816
0.84 0.9 0.719528
0.84 0.92 0.730904
0.84 0.94 0.741933
0.84 0.96 0.7526
0.84 0.98 0.762894
0.86 0.5 0.450362
0.86 0.52 0.466774
0.86 0.54 0.483061
0.86 0.56 0.499214
0.86 0.58 0.515224
0.86 0.6 0.531082
0.86 0.62 0.546778
0.86 0.64 0.562304
0.86 0.66 0.577648
0.86 0.68 0.592801
0.86 0.7 0.607752
0.86 0.72 0.62249
0.86 0.74 0.637003
0.86 0.76 0.651281
0.86 0.78 0.665312
0.86 0.8 0.679084
0.86 0.82 0.692584
0.86 0.84 0.705801
0.86 0.86 0.718722
0.86 0.88 0.731334
0.86 0.9 0.743624
0.86 0.92 0.75558
0.86 0.94 0.767189
0.86 0.96 0.778438
0.86 0.98 0.789312
0.88 0.5 0.463396
0.88 0.52 0.48035
0.88 0.54 0.497181
0.88 0.56 0.513882
0.88 0.58 0.530443
0.88 0.6 0.546856
0.88 0.62 0.563111
0.88 0.64 0.579198
0.88 0.66 0.595107
0.88 0.68 0.610828
0.88 0.7 0.626349
0.88 0.72 0.64166
0.88 0.74 0.65675
0.88 0.76 0.671607
0.88 0.78 0.686219
0.88 0.8 0.700573
0.88 0.82 0.714659
0.88 0.84 0.728463
0.88 0.86 0.741972
0.88 0.88 0.755174
0.88 0.9 0.768056
0.88 0.92 0.780604
0.88 0.94 0.792807
0.88 0.96 0.804649
0.88 0.98 0.816118
0.9 0.5 0.476546
0.9 0.52 0.494049
0.9 0.54 0.511434
0.9 0.56 0.528691
0.9 0.58 0.545813
0.9 0.6 0.562791
0.9 0.62 0.579614
0.9 0.64 0.596272
0.9 0.66 0.612756
0.9 0.68 0.629055
0.9 0.7 0.645158
0.9 0.72 0.661054
0.9 0.74 0.676731
0.9 0.76 0.692178
0.9 0.78 0.707383
0.9 0.8 0.722333
0.9 0.82 0.737016
0.9 0.84 0.751419
0.9 0.86 0.76553
0.9 0.88 0.779335
0.9 0.9 0.792821
0.9 0.92 0.805975
0.9 0.94 0.818784
0.9 0.96 0.831233
0.9 0.98 0.84331
0.92 0.5 0.489808
0.92 0.52 0.507869
0.92 0.54 0.525815
0.92 0.56 0.543638
0.92 0.58 0.56133
0.92 0.6 0.578881
0.92 0.62 0.596282
0.92 0.64 0.613522
0.92 0.66 0.630592
0.92 0.68 0.64748
0.92 0.7 0.664176
0.92 0.72 0.680668
0.92 0.74 0.696944
0.92 0.76 0.712993
0.92 0.78 0.728803
0.92 0.8 0.744361
0.92 0.82 0.759654
0.92 0.84 0.774669
0.92 0.86 0.789395
0.92 0.88 0.803816
0.92 0.9 0.817919
0.92 0.92 0.831692
0.92 0.94 0.845121
0.92 0.96 0.858191
0.92 0.98 0.870888
0.94 0.5 0.503178
0.94 0.52 0.521804
0.94 0.54 0.54032
0.94 0.56 0.558718
0.94 0.58 0.57699
0.94 0.6 0.595124
0.94 0.62 0.613113
0.94 0.64 0.630945
0.94 0.66 0.648611
0.94 0.68 0.666099
0.94 0.7 0.683399
0.94 0.72 0.700498
0.94 0.74 0.717386
0.94 0.76 0.734049
0.94 0.78 0.750476
0.94 0.8 0.766654
0.94 0.82 0.78257
0.94 0.84 0.798211
0.94 0.86 0.813564
0.94 0.88 0.828614
0.94 0.9 0.843349
0.94 0.92 0.857754
0.94 0.94 0.871816
0.94 0.96 0.885521
0.94 0.98 0.898853
0.96 0.5 0.516652
0.96 0.52 0.535851
0.96 0.54 0.554946
0.96 0.56 0.573928
0.96 0.58 0.592787
0.96 0.6 0.611515
0.96 0.62 0.630102
0.96 0.64 0.648536
0.96 0.66 0.666809
0.96 0.68 0.684908
0.96 0.7 0.702823
0.96 0.72 0.720542
0.96 0.74 0.738053
0.96 0.76 0.755343
0.96 0.78 0.7724
0.96 0.8 0.789211
0.96 0.82 0.805763
0.96 0.84 0.822042
0.96 0.86 0.838036
0.96 0.88 0.853729
0.96 0.9 0.869109
0.96 0.92 0.88416
0.96 0.94 0.89887
0.96 0.96 0.913222
0.96 0.98 0.927204
0.98 0.5 0.530223
0.98 0.52 0.550004
0.98 0.54 0.569687
0.98 0.56 0.589261
0.98 0.58 0.608718
0.98 0.6 0.628049
0.98 0.62 0.647244
0.98 0.64 0.666292
0.98 0.66 0.685182
0.98 0.68 0.703904
0.98 0.7 0.722446
0.98 0.72 0.740796
0.98 0.74 0.758941
0.98 0.76 0.776871
0.98 0.78 0.79457
0.98 0.8 0.812027
0.98 0.82 0.829229
0.98 0.84 0.84616
0.98 0.86 0.862808
0.98 0.88 0.879158
0.98 0.9 0.895197
0.98 0.92 0.910909
0.98 0.94 0.92628
0.98 0.96 0.941295
0.98 0.98 0.95594
