0 0.5 0.00836127
0 0.52 0.00861773
0 0.54 0.00886533
0 0.56 0.00910338
0 0.58 0.00933114
0 0.6 0.00954778
0 0.62 0.00975238
0 0.64 0.00994391
0 0.66 0.0101212
0 0.68 0.0102829
0 0.7 0.0104275
0 0.72 0.0105531
0 0.74 0.0106576
0 0.76 0.0107383
0 0.78 0.010792
0 0.8 0.0108143
0 0.82 0.0107997
0 0.84 0.0107407
0 0.86 0.010626
0 0.88 0.010439
0 0.9 0.0101516
0 0.92 0.00971337
0 0.94 0.00902082
0 0.96 0.00783265
0 0.98 0.00549777
0.02 0.5 0.0167309
0.02 0.52 0.0172444
0.02 0.54 0.0177403
0.02 0.56 0.0182171
0.02 0.58 0.0186735
0.02 0.6 0.0191077
0.02 0.62 0.0195179
0.02 0.64 0.0199021
0.02 0.66 0.0202581
0.02 0.68 0.020583
0.02 0.7 0.020874
0.02 0.72 0.0211275
0.02 0.74 0.0213391
0.02 0.76 0.0215038
0.02 0.78 0.0216153
0.02 0.8 0.0216655
0.02 0.82 0.021644
0.02 0.84 0.0215369
0.02 0.86 0.0213246
0.02 0.88 0.0209783
0.02 0.9 0.0204543
0.02 0.92 0.019681
0.02 0.94 0.0185373
0.02 0.96 0.016812
0.02 0.98 0.0141584
0.04 0.5 0.0251171
0.04 0.52 0.0258889
0.04 0.54 0.0266344
0.04 0.56 0.0273516
0.04 0.58 0.0280381
0.04 0.6 0.0286917
0.04 0.62 0.0293096
0.04 0.64 0.0298888
0.04 0.66 0.030426
0.04 0.68 0.0309173
0.04 0.7 0.0313582
0.04 0.72 0.0317437
0.04 0.74 0.0320676
0.04 0.76 0.0323226
0.04 0.78 0.0324999
0.04 0.8 0.0325885
0.04 0.82 0.0325741
0.04 0.84 0.0324385
0.04 0.86 0.032157
0.04 0.88 0.0316956
0.04 0.9 0.0310061
0.04 0.92 0.0300192
0.04 0.94 0.0286353
0.04 0.96 0.0267197
0.04 0.98 0.0241239
0.06 0.5 0.033528
0.06 0.52 0.03456
0.06 0.54 0.0355572
0.06 0.56 0.0365168
0.06 0.58 0.037436
0.06 0.6 0.0383116
0.06 0.62 0.0391402
0.06 0.64 0.0399178
0.06 0.66 0.04064
0.06 0.68 0.041302
0.06 0.7 0.0418981
0.06 0.72 0.0424217
0.06 0.74 0.0428651
0.06 0.76 0.0432193
0.06 0.78 0.0434735
0.06 0.8 0.0436144
0.06 0.82 0.0436255
0.06 0.84 0.043486
0.06 0.86 0.0431694
0.06 0.88 0.0426409
0.06 0.9 0.0418554
0.06 0.92 0.0407543
0.06 0.94 0.0392652
0.06 0.96 0.0373076
0.06 0.98 0.0348175
0.08 0.5 0.0419717
0.08 0.52 0.0432663
0.08 0.54 0.0445177
0.08 0.56 0.0457226
0.08 0.58 0.0468776
0.08 0.6 0.0479788
0.08 0.62 0.0490219
0.08 0.64 0.0500023
0.08 0.66 0.0509146
0.08 0.68 0.051753
0.08 0.7 0.0525107
0.08 0.72 0.05318
0.08 0.74 0.053752
0.08 0.76 0.0542163
0.08 0.78 0.0545606
0.08 0.8 0.0547703
0.08 0.82 0.0548276
0.08 0.84 0.0547109
0.08 0.86 0.0543937
0.08 0.88 0.0538434
0.08 0.9 0.0530203
0.08 0.92 0.0518777
0.08 0.94 0.0503635
0.08 0.96 0.0484281
0.08 0.98 0.0460386
0.1 0.5 0.050456
0.1 0.52 0.0520162
0.1 0.54 0.053525
0.1 0.56 0.0549788
0.1 0.58 0.0563734
0.1 0.6 0.0577044
0.1 0.62 0.0589668
0.1 0.64 0.0601551
0.1 0.66 0.0612634
0.1 0.68 0.0622849
0.1 0.7 0.0632119
0.1 0.72 0.0640358
0.1 0.74 0.0647468
0.1 0.76 0.0653334
0.1 0.78 0.0657826
0.1 0.8 0.0660788
0.1 0.82 0.0662039
0.1 0.84 0.0661365
0.1 0.86 0.0658513
0.1 0.88 0.0653188
0.1 0.9 0.064505
0.1 0.92 0.0633725
0.1 0.94 0.061883
0.1 0.96 0.0600025
0.1 0.98 0.057709
0.12 0.5 0.0589886
0.12 0.52 0.0608177
0.12 0.54 0.0625878
0.12 0.56 0.0642945
0.12 0.58 0.0659332
0.12 0.6 0.0674989
0.12 0.62 0.068986
0.12 0.64 0.0703884
0.12 0.66 0.0716994
0.12 0.68 0.0729115
0.12 0.7 0.0740165
0.12 0.72 0.0750049
0.12 0.74 0.0758662
0.12 0.76 0.0765883
0.12 0.78 0.0771577
0.12 0.8 0.0775585
0.12 0.82 0.0777728
0.12 0.84 0.07778
0.12 0.86 0.0775564
0.12 0.88 0.0770756
0.12 0.9 0.0763085
0.12 0.92 0.0752245
0.12 0.94 0.0737937
0.12 0.96 0.07199
0.12 0.98 0.0697948
0.14 0.5 0.0675766
0.14 0.52 0.0696788
0.14 0.54 0.0717144
0.14 0.56 0.0736787
0.14 0.58 0.0755666
0.14 0.6 0.0773725
0.14 0.62 0.0790903
0.14 0.64 0.0807135
0.14 0.66 0.0822346
0.14 0.68 0.0836458
0.14 0.7 0.084938
0.14 0.72 0.0861014
0.14 0.74 0.087125
0.14 0.76 0.0879964
0.14 0.78 0.0887016
0.14 0.8 0.0892251
0.14 0.82 0.0895492
0.14 0.84 0.0896544
0.14 0.86 0.0895188
0.14 0.88 0.0891188
0.14 0.9 0.0884289
0.14 0.92 0.0874234
0.14 0.94 0.0860775
0.14 0.96 0.0843689
0.14 0.98 0.0822804
0.16 0.5 0.0762273
0.16 0.52 0.0786069
0.16 0.54 0.0809127
0.16 0.56 0.0831398
0.16 0.58 0.0852824
0.16 0.6 0.0873346
0.16 0.62 0.0892898
0.16 0.64 0.091141
0.16 0.66 0.0928803
0.16 0.68 0.0944993
0.16 0.7 0.0959887
0.16 0.72 0.0973382
0.16 0.74 0.0985364
0.16 0.76 0.0995709
0.16 0.78 0.100428
0.16 0.8 0.101091
0.16 0.82 0.101545
0.16 0.84 0.10177
0.16 0.86 0.101746
0.16 0.88 0.101452
0.16 0.9 0.100865
0.16 0.92 0.099963
0.16 0.94 0.0987238
0.16 0.96 0.0971278
0.16 0.98 0.0951579
0.18 0.5 0.0849475
0.18 0.52 0.0876092
0.18 0.54 0.0901905
0.18 0.56 0.0926859
0.18 0.58 0.0950893
0.18 0.6 0.0973943
0.18 0.62 0.099594
0.18 0.64 0.101681
0.18 0.66 0.103647
0.18 0.68 0.105483
0.18 0.7 0.10718
0.18 0.72 0.108727
0.18 0.74 0.110112
0.18 0.76 0.111323
0.18 0.78 0.112347
0.18 0.8 0.113168
0.18 0.82 0.113769
0.18 0.84 0.114134
0.18 0.86 0.114244
0.18 0.88 0.114078
0.18 0.9 0.113617
0.18 0.92 0.11284
0.18 0.94 0.111727
0.18 0.96 0.110261
0.18 0.98 0.108423
0.2 0.5 0.0937435
0.2 0.52 0.0966926
0.2 0.54 0.099555
0.2 0.56 0.102325
0.2 0.58 0.104995
0.2 0.6 0.10756
0.2 0.62 0.110011
0.2 0.64 0.112342
0.2 0.66 0.114544
0.2 0.68 0.116607
0.2 0.7 0.118521
0.2 0.72 0.120277
0.2 0.74 0.121862
0.2 0.76 0.123264
0.2 0.78 0.12447
0.2 0.8 0.125464
0.2 0.82 0.126231
0.2 0.84 0.126754
0.2 0.86 0.127017
0.2 0.88 0.127
0.2 0.9 0.126684
0.2 0.92 0.126052
0.2 0.94 0.125085
0.2 0.96 0.123764
0.2 0.98 0.122075
0.22 0.5 0.102622
0.22 0.52 0.105864
0.22 0.54 0.109013
0.22 0.56 0.112063
0.22 0.58 0.115007
0.22 0.6 0.117839
0.22 0.62 0.120551
0.22 0.64 0.123134
0.22 0.66 0.12558
0.22 0.68 0.127879
0.22 0.7 0.130022
0.22 0.72 0.131998
0.22 0.74 0.133796
0.22 0.76 0.135402
0.22 0.78 0.136804
0.22 0.8 0.137987
0.22 0.82 0.138936
0.22 0.84 0.139636
0.22 0.86 0.14007
0.22 0.88 0.14022
0.22 0.9 0.140069
0.22 0.92 0.1396
0.22 0.94 0.138795
0.22 0.96 0.137637
0.22 0.98 0.136111
0.24 0.5 0.111587
0.24 0.52 0.115128
0.24 0.54 0.11857
0.24 0.56 0.121908
0.24 0.58 0.125133
0.24 0.6 0.128239
0.24 0.62 0.131219
0.24 0.64 0.134063
0.24 0.66 0.136762
0.24 0.68 0.139309
0.24 0.7 0.141691
0.24 0.72 0.143899
0.24 0.74 0.145921
0.24 0.76 0.147745
0.24 0.78 0.149357
0.24 0.8 0.150744
0.24 0.82 0.151892
0.24 0.84 0.152785
0.24 0.86 0.153406
0.24 0.88 0.153741
0.24 0.9 0.153772
0.24 0.92 0.153484
0.24 0.94 0.152858
0.24 0.96 0.151879
0.24 0.98 0.150532
0.26 0.5 0.120646
0.26 0.52 0.124492
0.26 0.54 0.128234
0.26 0.56 0.131865
0.26 0.58 0.135379
0.26 0.6 0.138767
0.26 0.62 0.142023
0.26 0.64 0.145136
0.26 0.66 0.1481
0.26 0.68 0.150902
0.26 0.7 0.153535
0.26 0.72 0.155987
0.26 0.74 0.158245
0.26 0.76 0.1603
0.26 0.78 0.162136
0.26 0.8 0.163742
0.26 0.82 0.165103
0.26 0.84 0.166204
0.26 0.86 0.16703
0.26 0.88 0.167566
0.26 0.9 0.167796
0.26 0.92 0.167704
0.26 0.94 0.167274
0.26 0.96 0.16649
0.26 0.98 0.165338
0.28 0.5 0.129804
0.28 0.52 0.133961
0.28 0.54 0.138009
0.28 0.56 0.141941
0.28 0.58 0.145751
0.28 0.6 0.149429
0.28 0.62 0.152969
0.28 0.64 0.156362
0.28 0.66 0.159598
0.28 0.68 0.162667
0.28 0.7 0.165561
0.28 0.72 0.168267
0.28 0.74 0.170775
0.28 0.76 0.173072
0.28 0.78 0.175147
0.28 0.8 0.176985
0.28 0.82 0.178574
0.28 0.84 0.179899
0.28 0.86 0.180945
0.28 0.88 0.181698
0.28 0.9 0.182142
0.28 0.92 0.182263
0.28 0.94 0.182044
0.28 0.96 0.181471
0.28 0.98 0.180528
0.3 0.5 0.139065
0.3 0.52 0.143539
0.3 0.54 0.1479
0.3 0.56 0.152141
0.3 0.58 0.156254
0.3 0.6 0.160231
0.3 0.62 0.164064
0.3 0.64 0.167744
0.3 0.66 0.171263
0.3 0.68 0.174609
0.3 0.7 0.177774
0.3 0.72 0.180747
0.3 0.74 0.183515
0.3 0.76 0.186069
0.3 0.78 0.188394
0.3 0.8 0.190478
0.3 0.82 0.192309
0.3 0.84 0.193872
0.3 0.86 0.195153
0.3 0.88 0.196138
0.3 0.9 0.196812
0.3 0.92 0.197161
0.3 0.94 0.197169
0.3 0.96 0.196821
0.3 0.98 0.196103
0.32 0.5 0.148433
0.32 0.52 0.153232
0.32 0.54 0.157913
0.32 0.56 0.16247
0.32 0.58 0.166894
0.32 0.6 0.171178
0.32 0.62 0.175312
0.32 0.64 0.17929
0.32 0.66 0.1831
0.32 0.68 0.186734
0.32 0.7 0.190181
0.32 0.72 0.193431
0.32 0.74 0.196472
0.32 0.76 0.199293
0.32 0.78 0.201882
0.32 0.8 0.204226
0.32 0.82 0.206313
0.32 0.84 0.208128
0.32 0.86 0.209658
0.32 0.88 0.21089
0.32 0.9 0.211808
0.32 0.92 0.212399
0.32 0.94 0.212649
0.32 0.96 0.212542
0.32 0.98 0.212064
0.34 0.5 0.157913
0.34 0.52 0.163043
0.34 0.54 0.168052
0.34 0.56 0.172932
0.34 0.58 0.177675
0.34 0.6 0.182274
0.34 0.62 0.186719
0.34 0.64 0.191003
0.34 0.66 0.195115
0.34 0.68 0.199046
0.34 0.7 0.202786
0.34 0.72 0.206324
0.34 0.74 0.20965
0.34 0.76 0.212751
0.34 0.78 0.215616
0.34 0.8 0.218232
0.34 0.82 0.220588
0.34 0.84 0.222669
0.34 0.86 0.224462
0.34 0.88 0.225955
0.34 0.9 0.227132
0.34 0.92 0.22798
0.34 0.94 0.228485
0.34 0.96 0.228633
0.34 0.98 0.228409
0.36 0.5 0.167509
0.36 0.52 0.172977
0.36 0.54 0.178321
0.36 0.56 0.183532
0.36 0.58 0.188603
0.36 0.6 0.193525
0.36 0.62 0.198289
0.36 0.64 0.202888
0.36 0.66 0.207312
0.36 0.68 0.21155
0.36 0.7 0.215594
0.36 0.72 0.219431
0.36 0.74 0.223052
0.36 0.76 0.226446
0.36 0.78 0.229599
0.36 0.8 0.2325
0.36 0.82 0.235138
0.36 0.84 0.237498
0.36 0.86 0.239568
0.36 0.88 0.241335
0.36 0.9 0.242785
0.36 0.92 0.243904
0.36 0.94 0.244679
0.36 0.96 0.245096
0.36 0.98 0.245141
0.38 0.5 0.177223
0.38 0.52 0.183038
0.38 0.54 0.188723
0.38 0.56 0.194273
0.38 0.58 0.199679
0.38 0.6 0.204933
0.38 0.62 0.210027
0.38 0.64 0.21495
0.38 0.66 0.219695
0.38 0.68 0.224251
0.38 0.7 0.228608
0.38 0.72 0.232756
0.38 0.74 0.236684
0.38 0.76 0.24038
0.38 0.78 0.243834
0.38 0.8 0.247033
0.38 0.82 0.249965
0.38 0.84 0.252618
0.38 0.86 0.254978
0.38 0.88 0.257032
0.38 0.9 0.258769
0.38 0.92 0.260173
0.38 0.94 0.261232
0.38 0.96 0.261932
0.38 0.98 0.262259
0.4 0.5 0.18706
0.4 0.52 0.193227
0.4 0.54 0.199263
0.4 0.56 0.20516
0.4 0.58 0.210909
0.4 0.6 0.216504
0.4 0.62 0.221934
0.4 0.64 0.227192
0.4 0.66 0.232267
0.4 0.68 0.237151
0.4 0.7 0.241832
0.4 0.72 0.246301
0.4 0.74 0.250547
0.4 0.76 0.254559
0.4 0.78 0.258325
0.4 0.8 0.261834
0.4 0.82 0.265073
0.4 0.84 0.26803
0.4 0.86 0.270693
0.4 0.88 0.273049
0.4 0.9 0.275085
0.4 0.92 0.276787
0.4 0.94 0.278144
0.4 0.96 0.27914
0.4 0.98 0.279763
0.42 0.5 0.197023
0.42 0.52 0.20355
0.42 0.54 0.209943
0.42 0.56 0.216194
0.42 0.58 0.222296
0.42 0.6 0.228239
0.42 0.62 0.234016
0.42 0.64 0.239617
0.42 0.66 0.245033
0.42 0.68 0.250254
0.42 0.7 0.25527
0.42 0.72 0.260071
0.42 0.74 0.264646
0.42 0.76 0.268984
0.42 0.78 0.273074
0.42 0.8 0.276904
0.42 0.82 0.280463
0.42 0.84 0.283737
0.42 0.86 0.286716
0.42 0.88 0.289386
0.42 0.9 0.291734
0.42 0.92 0.293748
0.42 0.94 0.295415
0.42 0.96 0.296721
0.42 0.98 0.297654
0.44 0.5 0.207113
0.44 0.52 0.214007
0.44 0.54 0.220765
0.44 0.56 0.22738
0.44 0.58 0.233842
0.44 0.6 0.240143
0.44 0.62 0.246275
0.44 0.64 0.252229
0.44 0.66 0.257994
0.44 0.68 0.263563
0.44 0.7 0.268924
0.44 0.72 0.274067
0.44 0.74 0.278982
0.44 0.76 0.283658
0.44 0.78 0.288084
0.44 0.8 0.292247
0.44 0.82 0.296137
0.44 0.84 0.299742
0.44 0.86 0.303048
0.44 0.88 0.306045
0.44 0.9 0.308718
0.44 0.92 0.311057
0.44 0.94 0.313047
0.44 0.96 0.314677
0.44 0.98 0.315932
0.46 0.5 0.217333
0.46 0.52 0.224602
0.46 0.54 0.231734
0.46 0.56 0.238719
0.46 0.58 0.245549
0.46 0.6 0.252217
0.46 0.62 0.258713
0.46 0.64 0.265029
0.46 0.66 0.271154
0.46 0.68 0.27708
0.46 0.7 0.282797
0.46 0.72 0.288293
0.46 0.74 0.293559
0.46 0.76 0.298584
0.46 0.78 0.303356
0.46 0.8 0.307865
0.46 0.82 0.312098
0.46 0.84 0.316044
0.46 0.86 0.319691
0.46 0.88 0.323027
0.46 0.9 0.326038
0.46 0.92 0.328714
0.46 0.94 0.331041
0.46 0.96 0.333006
0.46 0.98 0.334596
0.48 0.5 0.227685
0.48 0.52 0.235337
0.48 0.54 0.242849
0.48 0.56 0.250213
0.48 0.58 0.257421
0.48 0.6 0.264464
0.48 0.62 0.271334
0.48 0.64 0.27802
0.48 0.66 0.284515
0.48 0.68 0.290808
0.48 0.7 0.29689
0.48 0.72 0.30275
0.48 0.74 0.308378
0.48 0.76 0.313762
0.48 0.78 0.318893
0.48 0.8 0.323758
0.48 0.82 0.328346
0.48 0.84 0.332646
0.48 0.86 0.336646
0.48 0.88 0.340333
0.48 0.9 0.343695
0.48 0.92 0.34672
0.48 0.94 0.349396
0.48 0.96 0.35171
0.48 0.98 0.353648
