1.85589
1.85596
1.85601
1.85605
1.85608
1.85611
1.85612
1.85613
1.85612
1.85611
1.85608
1.85605
1.85601
1.85595
1.85589
1.85582
1.85574
1.85565
1.85555
1.85544
1.85532
1.85519
1.85505
1.85491
1.85475
1.85458
1.85441
1.85422
1.85402
1.85382
1.8536
1.85338
1.85314
1.8529
1.85265
1.85238
1.85211
1.85183
1.85153
1.85123
1.85092
1.8506
1.85027
1.84992
1.84957
1.84921
1.84884
1.84846
1.84807
1.84767
1.84726
1.84684
1.84642
1.84598
1.84553
1.84507
1.8446
1.84412
1.84364
1.84314
1.84263
1.84211
1.84159
1.84105
1.8405
1.83995
1.83938
1.83881
1.83822
1.83762
1.83702
1.8364
1.83578
1.83514
1.8345
1.83384
1.83318
1.8325
1.83182
1.83112
1.83042
1.82971
1.82898
1.82825
1.82751
1.82675
1.82599
1.82522
1.82443
1.82364
1.82284
1.82202
1.8212
1.82037
1.81953
1.81867
1.81781
1.81694
1.81606
1.81516
1.81426
1.81335
1.81243
1.8115
1.81056
1.80961
1.80864
1.80767
1.80669
1.8057
1.8047
1.80369
1.80267
1.80164
1.8006
1.79955
1.79849
1.79742
1.79634
1.79525
1.79415
1.79304
1.79192
1.79079
1.78965
1.78851
1.78735
1.78618
1.785
1.78381
1.78261
1.78141
1.78019
1.77896
1.77772
1.77648
1.77522
1.77395
1.77268
1.77139
1.77009
1.76879
1.76747
1.76614
1.76481
1.76346
1.76211
1.76074
1.75937
1.75798
1.75659
1.75519
1.75377
1.75235
1.75092
1.74947
1.74802
1.74656
1.74509
1.7436
1.74211
1.74061
1.7391
1.73758
1.73605
1.73451
1.73296
1.7314
1.72983
1.72825
1.72666
1.72506
1.72346
1.72184
1.72021
1.71857
1.71693
1.71527
1.71361
1.71193
1.71025
1.70855
1.70685
1.70513
1.70341
1.70168
1.69994
1.69818
1.69642
1.69465
1.69287
1.69108
1.68928
1.68748
1.68566
1.68383
1.68199
1.68015
1.67829
1.67643
1.67455
1.67267
1.67077
1.66887
1.66696
1.66504
1.66311
1.66117
1.65922
1.65726
1.65529
1.65331
1.65132
1.64933
1.64732
1.64531
1.64328
1.64125
1.63921
1.63716
1.6351
1.63303
1.63095
1.62886
1.62676
1.62465
1.62254
1.62041
1.61828
1.61614
1.61398
1.61182
1.60965
1.60747
1.60528
1.60309
1.60088
1.59866
1.59644
1.59421
1.59196
1.58971
1.58745
1.58518
1.58291
1.58062
1.57832
1.57602
1.5737
1.57138
1.56905
1.56671
1.56436
1.562
1.55964
1.55726
1.55488
1.55249
1.55009
1.54768
1.54526
1.54283
1.54039
1.53795
1.5355
1.53303
1.53056
1.52808
1.5256
1.5231
1.5206
1.51808
1.51556
1.51303
1.51049
1.50795
1.50539
1.50283
1.50025
1.49767
1.49509
1.49249
1.48988
1.48727
1.48465
1.48202
1.47938
1.47673
1.47407
1.47141
1.46874
1.46606
1.46337
1.46068
1.45797
1.45526
1.45254
1.44981
1.44707
1.44433
1.44158
1.43882
1.43605
1.43327
1.43049
1.42769
1.42489
1.42209
1.41927
1.41645
1.41361
1.41077
1.40793
1.40507
1.40221
1.39934
1.39646
1.39357
1.39068
1.38778
1.38487
1.38195
1.37903
1.3761
1.37316
1.37021
1.36726
1.3643
1.36133
1.35835
1.35537
1.35238
1.34938
1.34637
1.34336
1.34034
1.33731
1.33427
1.33123
1.32818
1.32512
1.32206
1.31898
1.31591
1.31282
1.30973
1.30663
1.30352
1.30041
1.29728
1.29416
1.29102
1.28788
1.28473
1.28157
1.27841
1.27524
1.27206
1.26888
1.26569
1.26249
1.25929
1.25608
1.25286
1.24964
1.2464
1.24317
1.23992
1.23667
1.23341
1.23015
1.22688
1.2236
1.22032
1.21703
1.21373
1.21043
1.20712
1.20381
1.20049
1.19716
1.19382
1.19048
1.18714
1.18378
1.18042
1.17706
1.17369
1.17031
1.16692
1.16354
1.16014
1.15674
1.15333
1.14992
1.1465
1.14307
1.13964
1.1362
1.13276
1.12931
1.12585
1.12239
1.11892
1.11545
1.11197
1.10849
1.105
1.10151
1.09801
1.0945
1.09099
1.08747
1.08395
1.08042
1.07689
1.07335
1.0698
1.06625
1.0627
1.05914
1.05557
1.052
1.04842
1.04484
1.04126
1.03766
1.03407
1.03046
1.02686
1.02324
1.01963
1.01601
1.01238
1.00875
1.00511
1.00147
0.99782
0.994169
0.990512
0.986851
0.983185
0.979514
0.975839
0.972159
0.968474
0.964785
0.961091
0.957393
0.95369
0.949982
0.94627
0.942554
0.938833
0.935108
0.931378
0.927644
0.923906
0.920163
0.916417
0.912666
0.90891
0.905151
0.901387
0.89762
0.893848
0.890072
0.886292
0.882509
0.878721
0.874929
0.871133
0.867334
0.863531
0.859723
0.855912
0.852098
0.848279
0.844457
0.840631
0.836801
0.832968
0.829131
0.825291
0.821447
0.8176
0.813749
0.809894
0.806037
0.802175
0.798311
0.794443
0.790572
0.786697
0.78282
0.778939
0.775055
0.771167
0.767277
0.763384
0.759487
0.755587
0.751685
0.747779
0.743871
0.739959
0.736045
0.732128
0.728208
0.724285
0.720359
0.716431
0.7125
0.708566
0.704629
0.70069
0.696749
0.692804
0.688858
0.684908
0.680957
0.677002
0.673046
0.669087
0.665126
0.661162
0.657196
0.653228
0.649257
0.645285
0.64131
0.637333
0.633354
0.629373
0.62539
0.621404
0.617417
0.613428
0.609437
0.605444
0.601449
0.597452
0.593454
0.589454
0.585452
0.581448
0.577442
0.573435
0.569427
0.565416
0.561405
0.557391
0.553376
0.54936
0.545342
0.541323
0.537303
0.533281
0.529257
0.525233
0.521207
0.51718
0.513152
0.509123
0.505092
0.501061
0.497028
0.492994
0.48896
0.484924
0.480887
0.47685
0.472812
0.468772
0.464732
0.460691
0.45665
0.452607
0.448564
0.444521
0.440476
0.436432
0.432386
0.42834
0.424293
0.420246
0.416199
0.412151
0.408103
0.404054
0.400005
0.395956
0.391906
0.387857
0.383807
0.379757
0.375706
0.371656
0.367606
0.363555
0.359505
0.355454
0.351404
0.347353
0.343303
0.339253
0.335203
0.331154
0.327104
0.323055
0.319006
0.314957
0.310909
0.306861
0.302814
0.298767
0.294721
0.290675
0.286629
0.282585
0.27854
0.274497
0.270454
0.266412
0.26237
0.25833
0.25429
0.250251
0.246212
0.242175
0.238139
0.234103
0.230069
0.226035
0.222003
0.217972
0.213941
0.209912
0.205884
0.201858
0.197832
0.193808
0.189785
0.185763
0.181743
0.177724
0.173707
0.16969
0.165676
0.161663
0.157651
0.153641
0.149633
0.145626
0.141621
0.137618
0.133616
0.129616
0.125618
0.121622
0.117627
0.113635
0.109644
0.105655
0.101668
0.0976836
0.0937008
0.0897201
0.0857414
0.0817649
0.0777905
0.0738183
0.0698483
0.0658806
0.0619151
0.0579519
0.053991
0.0500325
0.0460764
0.0421228
0.0381715
0.0342228
0.0302765
0.0263328
0.0223917
0.0184531
0.0145172
0.010584
0.0066534
0.00272557
-0.00119952
-0.00512183
-0.00904133
-0.012958
-0.0168718
-0.0207827
-0.0246906
-0.0285956
-0.0324977
-0.0363967
-0.0402926
-0.0441855
-0.0480753
-0.0519619
-0.0558454
-0.0597256
-0.0636027
-0.0674765
-0.071347
-0.0752142
-0.0790781
-0.0829386
-0.0867956
-0.0906493
-0.0944995
-0.0983462
-0.102189
-0.106029
-0.109865
-0.113698
-0.117526
-0.121352
-0.125173
-0.128991
-0.132805
-0.136615
-0.140422
-0.144224
-0.148023
-0.151818
-0.155609
-0.159396
-0.163179
-0.166958
-0.170733
-0.174504
-0.17827
-0.182033
-0.185792
-0.189546
-0.193296
-0.197042
-0.200784
-0.204521
-0.208254
-0.211983
-0.215707
-0.219427
-0.223143
-0.226854
-0.230561
-0.234263
-0.23796
-0.241653
-0.245342
-0.249025
-0.252705
-0.256379
-0.260049
-0.263714
-0.267374
-0.27103
-0.27468
-0.278326
-0.281967
-0.285603
-0.289234
-0.29286
-0.296482
-0.300098
-0.303709
-0.307315
-0.310916
-0.314512
-0.318103
-0.321689
-0.325269
-0.328844
-0.332414
-0.335979
-0.339538
-0.343093
-0.346641
-0.350185
-0.353723
-0.357255
-0.360783
-0.364304
-0.36782
-0.371331
-0.374836
-0.378336
-0.381829
-0.385318
-0.3888
-0.392277
-0.395748
-0.399214
-0.402674
-0.406128
-0.409576
-0.413018
-0.416455
-0.419885
-0.42331
-0.426729
-0.430141
-0.433548
-0.436949
-0.440344
-0.443732
-0.447115
-0.450491
-0.453862
-0.457226
-0.460584
-0.463936
-0.467282
-0.470621
-0.473954
-0.477281
-0.480601
-0.483915
-0.487223
-0.490524
-0.493819
-0.497108
-0.50039
-0.503665
-0.506934
-0.510197
-0.513453
-0.516702
-0.519945
-0.523181
-0.52641
-0.529633
-0.532849
-0.536059
-0.539261
-0.542457
-0.545646
-0.548829
-0.552004
-0.555172
-0.558334
-0.561489
-0.564637
-0.567778
-0.570912
-0.574039
-0.577159
-0.580271
-0.583377
-0.586476
-0.589568
-0.592652
-0.59573
-0.5988
-0.601863
-0.604919
-0.607968
-0.611009
-0.614043
-0.61707
-0.620089
-0.623102
-0.626107
-0.629104
-0.632094
-0.635077
-0.638052
-0.64102
-0.64398
-0.646933
-0.649878
-0.652816
-0.655746
-0.658668
-0.661583
-0.664491
-0.667391
-0.670283
-0.673167
-0.676044
-0.678913
-0.681774
-0.684628
-0.687473
-0.690311
-0.693141
-0.695964
-0.698778
-0.701585
-0.704383
-0.707174
-0.709957
-0.712732
-0.715499
-0.718258
-0.721009
-0.723752
-0.726487
-0.729214
-0.731932
-0.734643
-0.737346
-0.74004
-0.742726
-0.745405
-0.748075
-0.750736
-0.75339
-0.756035
-0.758672
-0.761301
-0.763922
-0.766534
-0.769138
-0.771734
-0.774321
-0.7769
-0.77947
-0.782032
-0.784586
-0.787131
-0.789668
-0.792197
-0.794717
-0.797228
-0.799731
-0.802225
-0.804711
-0.807188
-0.809657
-0.812117
-0.814568
-0.817011
-0.819446
-0.821871
-0.824288
-0.826696
-0.829096
-0.831487
-0.833869
-0.836242
-0.838607
-0.840963
-0.84331
-0.845648
-0.847977
-0.850298
-0.85261
-0.854913
-0.857207
-0.859492
-0.861768
-0.864036
-0.866294
-0.868544
-0.870784
-0.873016
-0.875239
-0.877452
-0.879657
-0.881853
-0.884039
-0.886217
-0.888385
-0.890545
-0.892695
-0.894837
-0.896969
-0.899092
-0.901206
-0.903311
-0.905406
-0.907493
-0.90957
-0.911638
-0.913697
-0.915747
-0.917788
-0.919819
-0.921841
-0.923854
-0.925858
-0.927852
-0.929837
-0.931813
-0.933779
-0.935736
-0.937684
-0.939622
-0.941552
-0.943471
-0.945382
-0.947283
-0.949174
-0.951057
