7.57144e+291
-8.05576e+292
-2.29108e+292
1.60542e+293
3.88348e+292
-2.3938e+293
-5.57171e+292
3.16506e+293
7.39078e+292
-3.91356e+293
-9.37242e+292
4.63377e+293
1.15443e+293
-5.32026e+293
-1.39291e+293
5.96775e+293
1.65441e+293
-6.57114e+293
-1.94003e+293
7.12555e+293
2.25022e+293
-7.62639e+293
-2.58474e+293
8.06937e+293
2.94261e+293
-8.45061e+293
-3.32215e+293
8.76664e+293
3.72096e+293
-9.01452e+293
-4.13592e+293
9.19186e+293
4.56329e+293
-9.29688e+293
-4.99873e+293
9.32852e+293
5.43733e+293
-9.2864e+293
-5.87379e+293
9.17094e+293
6.3024e+293
-8.98339e+293
-6.71724e+293
8.7258e+293
7.11226e+293
-8.40107e+293
-7.48138e+293
8.01296e+293
7.81867e+293
-7.56602e+293
-8.11844e+293
7.06561e+293
8.37538e+293
-6.51779e+293
-8.58468e+293
5.92931e+293
8.74216e+293
-5.30746e+293
-8.84438e+293
4.66002e+293
8.88869e+293
-3.9951e+293
-8.87335e+293
3.32106e+293
8.7976e+293
-2.64631e+293
-8.66164e+293
1.97921e+293
8.46669e+293
-1.32793e+293
-8.21495e+293
7.00268e+292
7.9096e+293
-1.03526e+292
-7.55474e+293
-4.5562e+292
7.15526e+293
9.71245e+292
-6.71682e+293
-1.43828e+293
6.24566e+293
1.85261e+293
-5.74853e+293
-2.21113e+293
5.23248e+293
2.51179e+293
-4.70479e+293
-2.7536e+293
4.17272e+293
2.93667e+293
-3.64343e+293
-3.06212e+293
3.12379e+293
3.13207e+293
-2.62025e+293
-3.14953e+293
2.13871e+293
3.11833e+293
-1.68441e+293
-3.04299e+293
1.26184e+293
2.92856e+293
-8.74659e+292
-2.78055e+293
5.25655e+292
2.60471e+293
-2.16726e+292
-2.40694e+293
-5.11226e+291
2.19312e+293
2.77751e+292
-1.96898e+293
-4.63837e+292
1.73995e+293
6.10811e+292
-1.5111e+293
-7.20766e+292
1.28701e+293
7.96367e+292
-1.07168e+293
-8.40737e+292
8.6853e+292
8.57346e+292
-6.8031e+292
-8.49898e+292
5.09119e+292
8.22209e+292
-3.56407e+292
-7.78106e+292
2.22994e+292
7.21324e+292
-1.09121e+292
-6.55415e+292
1.44978e+291
5.83675e+292
6.16236e+291
-5.09081e+292
-1.20378e+292
4.34249e+292
1.63208e+292
-3.614e+292
-1.91782e+292
2.92349e+292
2.07916e+292
-2.28504e+292
-2.13499e+292
1.70882e+292
2.10425e+292
-1.20132e+292
-2.00533e+292
7.65664e+291
1.85554e+292
-4.0209e+291
-1.67074e+292
1.0834e+291
1.46503e+292
1.19832e+291
-1.25052e+292
-2.88186e+291
1.0373e+292
4.03523e+291
-8.33384e+291
-4.73263e+291
6.44808e+291
5.05045e+291
-4.75749e+291
-5.06404e+291
3.28724e+291
4.84486e+291
-2.04804e+291
-4.45846e+291
1.03854e+291
3.9629e+291
-2.47877e+290
-3.40786e+291
-3.41992e+290
2.83426e+291
7.53951e+290
-2.27429e+291
-1.01369e+291
1.75184e+291
1.14792e+291
-1.28327e+291
-1.1829e+291
8.78268e+290
1.14332e+291
-5.40962e+290
-1.05141e+291
2.70976e+290
9.26473e+290
-6.45214e+289
-7.84541e+290
-8.45902e+289
6.38381e+290
1.84037e+290
-4.976e+290
-2.42205e+290
3.68922e+290
2.67556e+290
-2.56544e+290
-2.68131e+290
1.6255e+290
2.51202e+290
-8.73462e+289
-2.23055e+290
3.00774e+289
1.88876e+290
1.09804e+289
-1.52738e+290
-3.80795e+289
1.1765e+290
5.37139e+289
-8.56688e+289
-6.03933e+289
5.80299e+289
6.04763e+289
-3.5303e+289
-5.6058e+289
1.75455e+289
4.89054e+289
-4.44786e+288
-4.04326e+289
-4.53674e+288
3.17068e+289
1.00828e+289
-2.34769e+289
-1.29059e+289
1.62156e+289
1.36974e+289
-1.01697e+289
-1.30811e+289
5.41154e+288
1.15868e+289
-1.88816e+288
-9.63929e+288
-5.3473e+287
7.55842e+288
2.03617e+288
-5.56757e+288
-2.81109e+288
3.80682e+288
3.04922e+288
-2.3488e+288
-2.92102e+288
1.21492e+288
2.56973e+288
-3.90747e+287
-2.10821e+288
-1.60688e+287
1.61945e+288
4.87937e+287
-1.15939e+288
-6.42819e+287
7.6128e+287
6.74591e+287
-4.40532e+287
-6.26303e+287
1.99553e+287
5.32964e+287
-3.21404e+286
-4.21081e+287
-7.28494e+286
3.09155e+287
1.28636e+287
-2.08769e+287
-1.48458e+287
1.25962e+287
1.44238e+287
-6.26625e+286
-1.25861e+287
1.80119e+286
1.00913e+287
1.05016e+286
-7.4752e+286
-2.61573e+286
5.07807e+286
3.23603e+286
-3.08267e+286
-3.22247e+286
1.55469e+286
2.83438e+286
-4.80812e+285
-2.27037e+286
-1.99089e+285
1.66961e+286
5.66729e+285
-1.11935e+286
-7.0749e+285
6.65331e+285
6.99e+285
-3.23019e+285
-6.05052e+285
8.79044e+284
4.73547e+285
5.58701e+284
-3.37121e+285
-1.2895e+285
2.15377e+285
1.52253e+285
-1.17794e+285
-1.44235e+285
4.6729e+284
1.1957e+285
-7.70198e+281
-8.88442e+284
-2.65844e+284
5.88975e+284
3.84394e+284
-3.35062e+284
-4.04236e+284
1.41841e+284
3.66679e+284
-9.46685e+282
-3.02834e+284
-7.04555e+283
2.33742e+284
1.10006e+284
-1.7183e+284
-1.21652e+284
1.22923e+284
1.16316e+284
-8.83228e+283
-1.02488e+284
6.66211e+283
8.60786e+283
-5.51105e+283
-7.06978e+283
5.07675e+283
5.81536e+283
-5.08471e+283
-4.89921e+283
5.31736e+283
4.29863e+283
-5.62156e+283
-3.95233e+283
5.90306e+283
3.78762e+283
-6.11441e+283
-3.73707e+283
6.24107e+283
3.74684e+283
-6.2887e+283
-3.77906e+283
6.2731e+283
3.81061e+283
-6.2131e+283
-3.83013e+283
6.12624e+283
3.83453e+283
-6.02668e+283
-3.82574e+283
5.9246e+283
3.80826e+283
-5.82652e+283
-3.7874e+283
5.73608e+283
3.76821e+283
-5.6549e+283
-3.75499e+283
5.58337e+283
3.75121e+283
-5.52121e+283
-3.75951e+283
5.46793e+283
3.78191e+283
-5.423e+283
-3.81998e+283
5.38597e+283
3.87498e+283
-5.35653e+283
-3.94795e+283
5.33439e+283
4.03974e+283
-5.31936e+283
-4.15105e+283
5.31121e+283
4.2824e+283
-5.30972e+283
-4.43405e+283
5.31462e+283
4.60604e+283
-5.3256e+283
-4.79809e+283
5.34234e+283
5.00964e+283
-5.36447e+283
-5.23976e+283
5.39163e+283
5.48721e+283
-5.42348e+283
-5.75041e+283
5.45966e+283
6.02747e+283
-5.49986e+283
-6.31619e+283
5.54377e+283
6.61412e+283
-5.5911e+283
-6.91857e+283
5.6416e+283
7.22665e+283
-5.695e+283
-7.53532e+283
5.75107e+283
7.84142e+283
-5.80954e+283
-8.14176e+283
5.87014e+283
8.43311e+283
-5.93258e+283
-8.71229e+283
5.99652e+283
8.97623e+283
-6.0616e+283
-9.22196e+283
6.12737e+283
9.44672e+283
-6.19334e+283
-9.64798e+283
6.25896e+283
9.82346e+283
-6.3236e+283
-9.97122e+283
6.38656e+283
1.00896e+284
-6.44707e+283
-1.01774e+284
6.50431e+283
1.02337e+284
-6.5574e+283
-1.02579e+284
6.60541e+283
1.02501e+284
-6.64739e+283
-1.02105e+284
6.68236e+283
1.01398e+284
-6.70936e+283
-1.00392e+284
6.72744e+283
9.90993e+283
-6.73568e+283
-9.75391e+283
6.73323e+283
9.57315e+283
-6.71932e+283
-9.36998e+283
6.69327e+283
9.14693e+283
-6.65452e+283
-8.90672e+283
6.60262e+283
8.65217e+283
-6.53729e+283
-8.38617e+283
6.45839e+283
8.11163e+283
-6.36595e+283
-7.83142e+283
6.26014e+283
7.54832e+283
-6.14134e+283
-7.26498e+283
6.01005e+283
6.98386e+283
-5.86695e+283
-6.7072e+283
5.71288e+283
6.43696e+283
-5.54879e+283
-6.17484e+283
5.37577e+283
5.92221e+283
-5.19499e+283
-5.6801e+283
5.00773e+283
5.44922e+283
-4.81531e+283
-5.22992e+283
4.6191e+283
5.02223e+283
-4.42045e+283
-4.82586e+283
4.22075e+283
4.6402e+283
-4.02131e+283
-4.46441e+283
3.82341e+283
4.29738e+283
-3.62824e+283
-4.13782e+283
3.43691e+283
3.98428e+283
-3.25039e+283
-3.83521e+283
3.06955e+283
3.689e+283
-2.89511e+283
-3.54404e+283
2.72765e+283
3.39875e+283
-2.5676e+283
-3.25165e+283
2.41524e+283
3.10139e+283
-2.27068e+283
-2.94679e+283
2.13391e+283
2.78689e+283
-2.00477e+283
-2.62098e+283
1.88295e+283
2.4486e+283
-1.76804e+283
-2.26957e+283
1.6595e+283
2.08403e+283
-1.55671e+283
-1.89238e+283
1.45895e+283
1.69533e+283
-1.36545e+283
-1.49385e+283
1.27538e+283
1.28916e+283
-1.18787e+283
-1.08273e+283
1.10204e+283
8.76198e+282
-1.01701e+283
-6.71364e+282
9.31919e+282
4.70139e+282
-8.45934e+282
-2.74501e+282
7.58277e+282
8.64496e+281
-6.68231e+282
9.20451e+281
5.75165e+282
-2.59085e+282
-4.78539e+282
4.1289e+282
3.77923e+282
-5.51838e+282
-2.73007e+282
6.74506e+282
1.63608e+282
-7.79694e+282
-4.96817e+281
8.66461e+282
-6.86742e+281
-9.34137e+282
1.91217e+282
9.82338e+282
-3.17557e+282
-1.01097e+283
4.47162e+282
1.02024e+283
-5.79364e+282
-1.01063e+283
7.13363e+282
9.82874e+282
-8.48244e+282
-9.37979e+282
9.82989e+282
8.77155e+282
-1.11649e+283
-8.018e+282
1.24759e+283
7.1347e+282
-1.37505e+283
-6.13832e+282
1.49763e+283
5.04636e+282
-1.6141e+283
-3.8767e+282
1.72321e+283
2.64729e+282
-1.82379e+283
-1.37585e+282
1.9147e+283
7.95092e+280
-1.99494e+283
1.22543e+282
2.0636e+283
-2.52384e+282
-2.11994e+283
3.80213e+282
2.16343e+283
-5.04878e+282
-2.19372e+283
6.25507e+282
2.2107e+283
-7.4159e+282
-2.2144e+283
8.53076e+282
2.20487e+283
-9.60437e+282
-2.18195e+283
1.06465e+283
2.14501e+283
-1.16701e+283
-2.09249e+283
1.26872e+283
2.02162e+283
-1.37006e+283
-1.92833e+283
1.4692e+283
1.80764e+283
-1.56076e+283
-1.65506e+283
1.63427e+283
1.46921e+283
-1.67335e+283
-1.25603e+283
1.65652e+283
1.03446e+283
-1.56102e+283
-8.42656e+282
1.3713e+283
7.43013e+282
-1.09339e+283
-8.22491e+282
7.75604e+282
1.18356e+283
-5.33666e+282
-1.91973e+283
5.75199e+282
3.06982e+283
-1.2134e+283
-4.54705e+283
2.85433e+283
6.04501e+283
-5.93665e+283
-6.93246e+283
1.08001e+284
6.16431e+283
-1.7462e+284
-2.25614e+283
2.5293e+284
-6.60928e+283
-3.26125e+284
2.22568e+284
3.62668e+284
-4.5884e+284
-3.13178e+284
7.70479e+284
1.10465e+284
-1.12263e+285
3.24442e+284
1.43324e+285
-1.06689e+285
-1.55646e+285
2.16043e+285
1.27161e+285
-3.57358e+285
-2.86093e+284
5.14175e+285
-1.7367e+285
-6.4995e+285
5.11144e+285
7.0151e+285
-1.00145e+286
-5.74878e+285
1.63088e+286
1.46665e+285
-2.33126e+286
7.24776e+285
2.95303e+286
-2.17361e+286
-3.23924e+286
4.28156e+286
2.80814e+286
-7.01062e+286
-1.15609e+286
1.0114e+287
-2.304e+286
-1.30317e+287
8.15115e+286
1.47862e+287
-1.67944e+287
-1.39052e+287
2.8228e+287
8.41113e+286
-4.17028e+287
4.06897e+286
5.53313e+287
-2.60118e+287
-6.5675e+287
5.94596e+287
6.73975e+287
-1.05185e+288
-5.3114e+287
1.61539e+288
1.3611e+287
-2.2302e+288
6.13498e+287
2.78687e+288
-1.81418e+288
-3.10676e+288
3.5302e+288
2.93181e+288
-5.75584e+288
-1.9247e+288
8.36641e+288
-3.14017e+287
-1.10608e+289
4.20391e+288
1.3302e+289
-1.01101e+289
-1.42653e+289
1.82299e+289
1.28108e+289
-2.84377e+289
-7.49993e+288
4.00925e+289
-3.31951e+288
-5.18198e+289
2.13324e+289
6.12931e+289
-4.79546e+289
-6.50551e+289
8.38919e+289
5.84337e+289
-1.28554e+290
-3.56236e+289
1.79339e+290
-9.98271e+288
-2.30841e+290
8.51268e+289
2.74056e+290
-1.95597e+290
-2.95731e+290
3.44665e+290
2.78034e+290
-5.31024e+290
-1.98771e+290
7.46293e+290
3.24189e+289
-9.72216e+290
2.47747e+290
1.17783e+291
-6.66164e+290
-1.31701e+291
1.23994e+291
1.3269e+291
-1.97219e+291
-1.12795e+291
2.84381e+291
6.26398e+290
-3.80412e+291
2.80094e+290
4.76105e+291
-1.69265e+291
-5.57189e+291
3.69664e+291
6.03618e+291
-6.34204e+291
-5.89248e+291
9.61862e+291
4.82143e+291
-1.34268e+292
-2.45738e+291
1.75456e+292
-1.58879e+291
-2.16002e+292
7.69351e+291
2.50329e+292
-1.61693e+292
-2.70815e+292
2.71979e+292
2.67718e+292
-4.07478e+292
-2.29292e+292
5.64802e+292
1.42182e+292
-7.36467e+292
7.85282e+290
9.09861e+292
-2.34822e+292
-1.06632e+293
5.50944e+292
1.18044e+293
-9.64641e+292
-1.21971e+293
1.4781e+293
1.14478e+293
-2.08448e+293
-9.10356e+292
2.76486e+293
4.67086e+292
-3.48512e+293
2.35599e+292
4.1931e+293
-1.24543e+293
-4.81608e+293
2.60206e+293
5.25931e+293
-4.33065e+293
-5.40566e+293
6.43442e+293
5.117e+293
-8.88641e+293
-4.23766e+293
1.16208e+294
2.60032e+293
-1.45245e+294
-3.46994e+291
1.74291e+294
-3.62089e+293
-2.0105e+294
8.50502e+293
2.22571e+294
-1.47159e+294
-2.35244e+294
2.22919e+294
2.34835e+294
-3.11898e+294
-2.16569e+294
4.12635e+294
1.75275e+294
-5.22417e+294
-1.05587e+294
6.37083e+294
2.21537e+292
-7.50859e+294
1.39722e+294
8.56245e+294
-3.24307e+294
-9.43966e+294
5.54379e+294
1.00301e+295
-8.31058e+294
-1.02078e+295
1.15325e+295
9.83337e+294
-1.51713e+295
-8.75758e+294
1.91572e+295
6.82672e+294
-2.33844e+295
-3.88859e+294
2.77082e+295
-2.00038e+293
-3.19425e+295
5.56503e+294
3.58597e+295
-1.23057e+295
-3.91916e+295
2.04853e+295
4.16325e+295
-3.01211e+295
-4.28442e+295
4.1175e+295
4.24635e+295
-5.35448e+295
-4.01114e+295
6.70569e+295
3.54044e+295
-8.14597e+295
-2.79679e+295
9.64209e+295
1.74506e+295
-1.11525e+296
-3.54026e+294
1.26277e+296
-1.40201e+295
-1.40103e+296
3.5416e+295
1.52363e+296
-6.07462e+295
-1.62358e+296
9.00077e+295
1.69345e+296
-1.23085e+296
-1.72555e+296
1.59737e+296
1.71214e+296
-1.99595e+296
-1.64558e+296
2.42156e+296
1.51862e+296
-2.86784e+296
-1.32462e+296
3.32715e+296
1.05777e+296
-3.79069e+296
-7.13307e+295
4.24859e+296
2.87759e+295
-4.69011e+296
2.20906e+295
5.10384e+296
-8.13112e+295
-5.47797e+296
1.48757e+296
5.80051e+296
-2.24118e+296
-6.05963e+296
3.06905e+296
6.24391e+296
-3.96448e+296
-6.34267e+296
4.91907e+296
6.34623e+296
-5.92279e+296
-6.24622e+296
6.96421e+296
6.03579e+296
-8.03067e+296
-5.70984e+296
9.10855e+296
5.26523e+296
-1.01835e+297
-4.70086e+296
1.12409e+297
4.01778e+296
-1.22659e+297
-3.21925e+296
1.32438e+297
2.31066e+296
-1.41609e+297
-1.29954e+296
1.50038e+297
1.95375e+295
-1.57606e+297
9.90501e+295
1.64206e+297
-2.24514e+296
-1.69748e+297
3.55421e+296
1.7416e+297
-4.90224e+296
-1.77388e+297
6.27291e+296
1.794e+297
-7.64936e+296
-1.80182e+297
9.01447e+296
1.79743e+297
-1.03512e+297
-1.78109e+297
1.16427e+297
1.75327e+297
-1.2873e+297
-1.71461e+297
1.40266e+297
1.6659e+297
-1.50895e+297
-1.60807e+297
1.60486e+297
1.54217e+297
-1.68925e+297
-1.46932e+297
1.76111e+297
1.39073e+297
-1.8196e+297
-1.30763e+297
1.86408e+297
1.22125e+297
-1.89403e+297
-1.13282e+297
1.90915e+297
1.04354e+297
-1.90927e+297
-9.54515e+296
1.89439e+297
8.66798e+296
-1.86469e+297
-7.81323e+296
1.82045e+297
6.98914e+296
-1.7621e+297
-6.20264e+296
1.69021e+297
5.45926e+296
-1.60542e+297
-4.76311e+296
1.5085e+297
4.1168e+296
-1.40027e+297
-3.5215e+296
1.28164e+297
2.97689e+296
-1.15357e+297
-2.48129e+296
1.01709e+297
2.0317e+296
-8.73234e+296
-1.62393e+296
7.23103e+296
1.25273e+296
-5.67805e+296
-9.11934e+295
4.0847e+296
5.94611e+295
-2.46242e+296
-2.93263e+295
8.2274e+295
