0.90529
0.905744
0.906197
0.906651
0.907105
0.907559
0.908013
0.908468
0.908922
0.909377
0.909833
0.910288
0.910744
0.9112
0.911656
0.912112
0.912569
0.913026
0.913483
0.91394
0.914398
0.914856
0.915314
0.915772
0.91623
0.916689
0.917148
0.917607
0.918066
0.918526
0.918986
0.919446
0.919906
0.920367
0.920828
0.921289
0.92175
0.922211
0.922673
0.923135
0.923597
0.924059
0.924522
0.924985
0.925448
0.925911
0.926375
0.926838
0.927302
0.927767
0.928231
0.928696
0.929161
0.929626
0.930091
0.930557
0.931023
0.931489
0.931955
0.932422
0.932889
0.933356
0.933823
0.93429
0.934758
0.935226
0.935694
0.936163
0.936631
0.9371
0.937569
0.938039
0.938508
0.938978
0.939448
0.939919
0.940389
0.94086
0.941331
0.941802
0.942274
0.942745
0.943217
0.94369
0.944162
0.944635
0.945108
0.945581
0.946054
0.946528
0.947002
0.947476
0.94795
0.948425
0.948899
0.949374
0.94985
0.950325
0.950801
0.951277
0.951753
0.95223
0.952706
0.953183
0.953661
0.954138
0.954616
0.955094
0.955572
0.95605
0.956529
0.957008
0.957487
0.957966
0.958446
0.958925
0.959406
0.959886
0.960366
0.960847
0.961328
0.961809
0.962291
0.962773
0.963255
0.963737
0.964219
0.964702
0.965185
0.965668
0.966152
0.966635
0.967119
0.967603
0.968088
0.968573
0.969057
0.969543
0.970028
0.970514
0.970999
0.971486
0.971972
0.972458
0.972945
0.973432
0.97392
0.974407
0.974895
0.975383
0.975871
0.97636
0.976849
0.977338
0.977827
0.978317
0.978806
0.979296
0.979787
0.980277
0.980768
0.981259
0.98175
0.982242
0.982733
0.983225
0.983718
0.98421
0.984703
0.985196
0.985689
0.986182
0.986676
0.98717
0.987664
0.988159
0.988653
0.989148
0.989644
0.990139
0.990635
0.991131
0.991627
0.992123
0.99262
0.993117
0.993614
0.994112
0.994609
0.995107
0.995605
0.996104
0.996602
0.997101
0.997601
0.9981
0.9986
0.999099
0.99959
1
0.999999
0.999992
0.999975
0.999948
0.999912
0.999865
0.999809
0.999743
0.999667
0.999581
0.999485
0.999379
0.999263
0.999138
0.999002
0.998857
0.998702
0.998537
0.998362
0.998177
0.997982
0.997777
0.997563
0.997339
0.997105
0.996861
0.996607
0.996343
0.996069
0.995786
0.995493
0.99519
0.994877
0.994554
0.994221
0.993879
0.993526
0.993164
0.992792
0.99241
0.992019
0.991617
0.991206
0.990785
0.990354
0.989914
0.989463
0.989003
0.988533
0.988054
0.987564
0.987065
0.986556
0.986037
0.985508
0.98497
0.984422
0.983864
0.983297
0.98272
0.982133
0.981536
0.98093
0.980314
0.979688
0.979053
0.978407
0.977753
0.977088
0.976414
0.97573
0.975037
0.974334
0.973621
0.972899
0.972167
0.971425
0.970674
0.969913
0.969143
0.968363
0.967573
0.966774
0.965966
0.965147
0.96432
0.963482
0.962635
0.961779
0.960913
0.960038
0.959153
0.958259
0.957355
0.956442
0.955519
0.954587
0.953645
0.952694
0.951734
0.950764
0.949784
0.948796
0.947798
0.94679
0.945773
0.944747
0.943712
0.942667
0.941613
0.940549
0.939476
0.938394
0.937303
0.936202
0.935092
0.933973
0.932845
0.931707
0.930561
0.929405
0.928239
0.927065
0.925882
0.924689
0.923487
0.922276
0.921056
0.919827
0.918588
0.917341
0.916085
0.914819
0.913545
0.912261
0.910968
0.909667
0.908356
0.907036
0.905708
0.90437
0.903024
0.901669
0.900304
0.898931
0.897549
0.896158
0.894758
0.893349
0.891932
0.890505
0.88907
0.887626
0.886174
0.884712
0.883242
0.881763
0.880275
0.878779
0.877274
0.87576
0.874237
0.872706
0.871167
0.869618
0.868061
0.866496
0.864922
0.863339
0.861748
0.860148
0.85854
0.856923
0.855298
0.853665
0.852023
0.850372
0.848713
0.847046
0.84537
0.843686
0.841994
0.840293
0.838584
0.836867
0.835141
0.833407
0.831665
0.829915
0.828156
0.82639
0.824615
0.822832
0.821041
0.819241
0.817434
0.815619
0.813795
0.811963
0.810124
0.808276
0.806421
0.804557
0.802685
0.800806
0.798919
0.797023
0.79512
0.793209
0.79129
0.789363
0.787429
0.785486
0.783536
0.781579
0.779613
0.77764
0.775659
0.77367
0.771674
0.76967
0.767658
0.765639
0.763613
0.761578
0.759537
0.757487
0.75543
0.753366
0.751295
0.749215
0.747129
0.745035
0.742934
0.740825
0.738709
0.736586
0.734455
0.732317
0.730172
0.72802
0.725861
0.723694
0.72152
0.719339
0.717151
0.714956
0.712754
0.710544
0.708328
0.706105
0.703874
0.701637
0.699393
0.697142
0.694884
0.692619
0.690347
0.688069
0.685783
0.683491
0.681192
0.678887
0.676574
0.674255
0.67193
0.669597
0.667258
0.664913
0.662561
0.660202
0.657837
0.655465
0.653087
0.650702
0.648311
0.645913
0.643509
0.641099
0.638682
0.63626
0.63383
0.631395
0.628953
0.626505
0.624051
0.621591
0.619124
0.616652
0.614173
0.611688
0.609197
0.606701
0.604198
0.601689
0.599174
0.596653
0.594127
0.591594
0.589056
0.586512
0.583962
0.581406
0.578845
0.576278
0.573705
0.571126
0.568542
0.565952
0.563357
0.560756
0.558149
0.555537
0.552919
0.550296
0.547668
0.545034
0.542395
0.53975
0.5371
0.534445
0.531784
0.529118
0.526447
0.523771
0.52109
0.518403
0.515711
0.513014
0.510313
0.507606
0.504894
0.502177
0.499455
0.496728
0.493996
0.491259
0.488518
0.485772
0.48302
0.480264
0.477504
0.474738
0.471968
0.469193
0.466414
0.46363
0.460841
0.458048
0.45525
0.452448
0.449642
0.44683
0.444015
0.441195
0.438371
0.435542
0.432709
0.429872
0.42703
0.424185
0.421335
0.418481
0.415623
0.41276
0.409894
0.407024
0.404149
0.401271
0.398388
0.395502
0.392612
0.389717
0.386819
0.383917
0.381012
0.378102
0.375189
0.372272
0.369352
0.366428
0.3635
0.360568
0.357634
0.354695
0.351753
0.348807
0.345859
0.342906
0.33995
0.336991
0.334029
0.331063
0.328094
0.325122
0.322146
0.319168
0.316186
0.313201
0.310213
0.307222
0.304227
0.30123
0.29823
0.295227
0.292221
0.289212
0.2862
0.283186
0.280168
0.277148
0.274125
0.2711
0.268071
0.26504
0.262007
0.258971
0.255932
0.252891
0.249847
0.246801
0.243752
0.240701
0.237647
0.234592
0.231534
0.228473
0.22541
0.222346
0.219278
0.216209
0.213138
0.210064
0.206989
0.203911
0.200831
0.19775
0.194666
0.19158
0.188493
0.185404
0.182313
0.17922
0.176125
0.173029
0.16993
0.166831
0.163729
0.160626
0.157521
0.154415
0.151307
0.148198
0.145087
0.141975
0.138862
0.135747
0.13263
0.129513
0.126394
0.123274
0.120152
0.11703
0.113906
0.110781
0.107655
0.104528
0.1014
0.0982713
0.0951413
0.0920104
0.0888785
0.0857458
0.0826123
0.0794779
0.0763427
0.0732068
0.0700701
0.0669328
0.0637948
0.0606561
0.0575169
0.0543771
0.0512367
0.0480959
0.0449545
0.0418128
0.0386706
0.035528
0.0323851
0.0292419
0.0260983
0.0229545
0.0198105
0.0166663
0.0135219
0.0103774
0.00723283
0.00408814
0.000943421
-0.00220131
-0.00534602
-0.00849068
-0.0116353
-0.0147797
-0.017924
-0.0210682
-0.0242121
-0.0273558
-0.0304992
-0.0336423
-0.0367851
-0.0399275
-0.0430695
-0.0462111
-0.0493523
-0.0524929
-0.0556331
-0.0587726
-0.0619116
-0.06505
-0.0681878
-0.0713249
-0.0744612
-0.0775969
-0.0807317
-0.0838658
-0.086999
-0.0901314
-0.0932629
-0.0963934
-0.099523
-0.102652
-0.105779
-0.108906
-0.112031
-0.115156
-0.118279
-0.121401
-0.124522
-0.127642
-0.13076
-0.133877
-0.136993
-0.140107
-0.14322
-0.146332
-0.149442
-0.152551
-0.155658
-0.158763
-0.161867
-0.16497
-0.168071
-0.17117
-0.174267
-0.177363
-0.180457
-0.183549
-0.18664
-0.189728
-0.192815
-0.1959
-0.198983
-0.202063
-0.205142
-0.208219
-0.211294
-0.214367
-0.217437
-0.220506
-0.223572
-0.226636
-0.229698
-0.232757
-0.235814
-0.238869
-0.241922
-0.244972
-0.248019
-0.251065
-0.254107
-0.257148
-0.260185
-0.263221
-0.266253
-0.269283
-0.27231
-0.275335
-0.278357
-0.281376
-0.284392
-0.287405
-0.290416
-0.293424
-0.296429
-0.299431
-0.30243
-0.305426
-0.308418
-0.311408
-0.314395
-0.317379
-0.320359
-0.323337
-0.326311
-0.329282
-0.33225
-0.335214
-0.338175
-0.341133
-0.344088
-0.347039
-0.349986
-0.35293
-0.355871
-0.358808
-0.361741
-0.364671
-0.367598
-0.370521
-0.37344
-0.376355
-0.379267
-0.382175
-0.385079
-0.387979
-0.390875
-0.393768
-0.396657
-0.399542
-0.402422
-0.405299
-0.408172
-0.411041
-0.413906
-0.416766
-0.419623
-0.422475
-0.425324
-0.428168
-0.431007
-0.433843
-0.436674
-0.439501
-0.442324
-0.445142
-0.447955
-0.450765
-0.45357
-0.45637
-0.459166
-0.461957
-0.464744
-0.467526
-0.470304
-0.473077
-0.475845
-0.478609
-0.481367
-0.484121
-0.486871
-0.489615
-0.492355
-0.495089
-0.497819
-0.500544
-0.503264
-0.505979
-0.508689
-0.511394
-0.514094
-0.516789
-0.519478
-0.522163
-0.524842
-0.527516
-0.530185
-0.532849
-0.535508
-0.538161
-0.540809
-0.543451
-0.546088
-0.54872
-0.551346
-0.553967
-0.556582
-0.559192
-0.561797
-0.564395
-0.566989
-0.569576
-0.572158
-0.574735
-0.577305
-0.57987
-0.582429
-0.584983
-0.58753
-0.590072
-0.592608
-0.595138
-0.597662
-0.600181
-0.602693
-0.6052
-0.6077
-0.610194
-0.612683
-0.615165
-0.617641
-0.620112
-0.622576
-0.625033
-0.627485
-0.629931
-0.63237
-0.634803
-0.637229
-0.63965
-0.642064
-0.644472
-0.646873
-0.649268
-0.651657
-0.654039
-0.656414
-0.658783
-0.661146
-0.663502
-0.665852
-0.668195
-0.670531
-0.672861
-0.675184
-0.6775
-0.67981
-0.682113
-0.684409
-0.686698
-0.688981
-0.691257
-0.693526
-0.695788
-0.698043
-0.700291
-0.702533
-0.704767
-0.706995
-0.709215
-0.711429
-0.713635
-0.715835
-0.718027
-0.720212
-0.72239
-0.724561
-0.726725
-0.728882
-0.731031
-0.733173
-0.735308
-0.737436
-0.739556
-0.741669
-0.743775
-0.745873
-0.747964
-0.750048
-0.752124
-0.754193
-0.756254
-0.758308
-0.760354
-0.762393
-0.764424
-0.766448
-0.768464
-0.770472
-0.772473
-0.774466
-0.776452
-0.77843
-0.7804
-0.782363
-0.784317
-0.786264
-0.788204
-0.790135
-0.792059
-0.793974
-0.795882
-0.797782
-0.799674
-0.801559
-0.803435
-0.805303
-0.807164
-0.809016
