1
0.999531
0.999062
0.998592
0.998123
0.997654
0.997185
0.996716
0.996247
0.995777
0.995308
0.994839
0.99437
0.9939
0.993431
0.992961
0.992492
0.992023
0.991553
0.991084
0.990614
0.990144
0.989675
0.989205
0.988735
0.988266
0.987796
0.987326
0.986856
0.986386
0.985916
0.985446
0.984976
0.984505
0.984035
0.983565
0.983094
0.982624
0.982153
0.981682
0.981212
0.980741
0.98027
0.979799
0.979328
0.978857
0.978385
0.977914
0.977442
0.976971
0.976499
0.976027
0.975555
0.975083
0.974611
0.974139
0.973666
0.973194
0.972721
0.972249
0.971776
0.971303
0.97083
0.970357
0.969883
0.96941
0.968936
0.968462
0.967988
0.967514
0.96704
0.966565
0.966091
0.965616
0.965141
0.964666
0.964191
0.963716
0.96324
0.962765
0.962289
0.961813
0.961337
0.96086
0.960384
0.959907
0.95943
0.958953
0.958476
0.957998
0.95752
0.957043
0.956564
0.956086
0.955608
0.955129
0.95465
0.954171
0.953692
0.953212
0.952732
0.952252
0.951772
0.951292
0.950811
0.95033
0.949849
0.949367
0.948886
0.948404
0.947922
0.94744
0.946957
0.946474
0.945991
0.945508
0.945024
0.94454
0.944056
0.943572
0.943087
0.942602
0.942117
0.941631
0.941146
0.94066
0.940173
0.939687
0.9392
0.938713
0.938225
0.937737
0.937249
0.936761
0.936272
0.935783
0.935294
0.934804
0.934314
0.933824
0.933334
0.932843
0.932352
0.93186
0.931368
0.930876
0.930383
0.929891
0.929397
0.928904
0.92841
0.927916
0.927421
0.926926
0.926431
0.925935
0.925439
0.924943
0.924446
0.923949
0.923451
0.922953
0.922455
0.921956
0.921457
0.920958
0.920458
0.919958
0.919457
0.918957
0.918455
0.917953
0.917451
0.916949
0.916446
0.915942
0.915438
0.914934
0.914429
0.913924
0.913419
0.912913
0.912407
0.9119
0.911392
0.910885
0.910377
0.909868
0.909359
0.908849
0.908339
0.907829
0.907318
0.906807
0.906295
0.905783
0.90527
0.904757
0.904243
0.903729
0.903214
0.902699
0.902183
0.901667
0.901151
0.900634
0.900116
0.899598
0.899079
0.89856
0.89804
0.89752
0.897
0.896478
0.895957
0.895434
0.894912
0.894388
0.893864
0.89334
0.892815
0.892289
0.891763
0.891237
0.89071
0.890182
0.889654
0.889125
0.888595
0.888065
0.887535
0.887004
0.886472
0.88594
0.885407
0.884873
0.884339
0.883805
0.88327
0.882734
0.882197
0.88166
0.881123
0.880584
0.880045
0.879506
0.878966
0.878425
0.877884
0.877342
0.876799
0.876256
0.875712
0.875167
0.874622
0.874076
0.87353
0.872982
0.872435
0.871886
0.871337
0.870787
0.870237
0.869685
0.869134
0.868581
0.868028
0.867474
0.866919
0.866364
0.865808
0.865251
0.864694
0.864136
0.863577
0.863018
0.862457
0.861896
0.861335
0.860772
0.860209
0.859645
0.859081
0.858515
0.857949
0.857382
0.856815
0.856246
0.855677
0.855107
0.854537
0.853965
0.853393
0.85282
0.852246
0.851672
0.851097
0.850521
0.849944
0.849366
0.848788
0.848208
0.847628
0.847047
0.846466
0.845883
0.8453
0.844716
0.844131
0.843545
0.842958
0.842371
0.841783
0.841194
0.840604
0.840013
0.839421
0.838829
0.838235
0.837641
0.837046
0.83645
0.835853
0.835255
0.834657
0.834057
0.833457
0.832855
0.832253
0.83165
0.831046
0.830442
0.829836
0.829229
0.828621
0.828013
0.827403
0.826793
0.826182
0.82557
0.824956
0.824342
0.823727
0.823111
0.822494
0.821876
0.821258
0.820638
0.820017
0.819395
0.818772
0.818149
0.817524
0.816898
0.816272
0.815644
0.815015
0.814386
0.813755
0.813123
0.812491
0.811857
0.811222
0.810587
0.80995
0.809312
0.808673
0.808034
0.807393
0.806751
0.806108
0.805464
0.804819
0.804173
0.803526
0.802877
0.802228
0.801578
0.800926
0.800273
0.79962
0.798965
0.798309
0.797652
0.796994
0.796335
0.795675
0.795014
0.794351
0.793688
0.793023
0.792357
0.79169
0.791022
0.790353
0.789683
0.789011
0.788338
0.787665
0.78699
0.786313
0.785636
0.784958
0.784278
0.783597
0.782915
0.782232
0.781547
0.780862
0.780175
0.779487
0.778798
0.778108
0.777416
0.776723
0.776029
0.775334
0.774638
0.77394
0.773241
0.772541
0.771839
0.771137
0.770433
0.769727
0.769021
0.768313
0.767604
0.766894
0.766182
0.765469
0.764755
0.76404
0.763323
0.762605
0.761886
0.761165
0.760443
0.75972
0.758995
0.758269
0.757542
0.756814
0.756084
0.755353
0.75462
0.753886
0.753151
0.752414
0.751676
0.750937
0.750196
0.749454
0.748711
0.747966
0.74722
0.746472
0.745723
0.744973
0.744221
0.743468
0.742713
0.741957
0.741199
0.740441
0.73968
0.738918
0.738155
0.737391
0.736625
0.735857
0.735088
0.734318
0.733546
0.732772
0.731997
0.731221
0.730443
0.729664
0.728883
0.728101
0.727317
0.726532
0.725745
0.724957
0.724167
0.723376
0.722583
0.721789
0.720993
0.720195
0.719396
0.718596
0.717794
0.71699
0.716185
0.715378
0.71457
0.71376
0.712948
0.712135
0.711321
0.710504
0.709687
0.708867
0.708046
0.707224
0.706399
0.705573
0.704746
0.703917
0.703086
0.702254
0.70142
0.700584
0.699747
0.698908
0.698067
0.697225
0.696381
0.695535
0.694688
0.693839
0.692988
0.692136
0.691282
0.690426
0.689568
0.688709
0.687848
0.686986
0.686121
0.685255
0.684388
0.683518
0.682647
0.681774
0.680899
0.680022
0.679144
0.678264
0.677382
0.676498
0.675613
0.674726
0.673837
0.672946
0.672053
0.671159
0.670263
0.669365
0.668465
0.667563
0.66666
0.665755
0.664848
0.663939
0.663028
0.662115
0.661201
0.660284
0.659366
0.658446
0.657524
0.6566
0.655674
0.654747
0.653817
0.652885
0.651952
0.651017
0.65008
0.64914
0.648199
0.647257
0.646312
0.645365
0.644416
0.643465
0.642513
0.641558
0.640601
0.639643
0.638682
0.63772
0.636755
0.635789
0.63482
0.63385
0.632877
0.631903
0.630926
0.629948
0.628967
0.627984
0.627
0.626013
0.625024
0.624034
0.623041
0.622046
0.621049
0.62005
0.619049
0.618046
0.617041
0.616033
0.615024
0.614012
0.612999
0.611983
0.610965
0.609945
0.608923
0.607899
0.606872
0.605844
0.604813
0.60378
0.602745
0.601708
0.600669
0.599627
0.598584
0.597538
0.59649
0.595439
0.594387
0.593332
0.592275
0.591216
0.590155
0.589092
0.588026
0.586958
0.585888
0.584815
0.58374
0.582663
0.581584
0.580503
0.579419
0.578333
0.577245
0.576154
0.575061
0.573966
0.572868
0.571769
0.570666
0.569562
0.568455
0.567346
0.566234
0.56512
0.564004
0.562886
0.561765
0.560642
0.559516
0.558388
0.557258
0.556125
0.55499
0.553852
0.552713
0.55157
0.550425
0.549278
0.548128
0.546976
0.545822
0.544665
0.543506
0.542344
0.54118
0.540013
0.538844
0.537672
0.536498
0.535321
0.534142
0.53296
0.531776
0.53059
0.5294
0.528209
0.527015
0.525818
0.524619
0.523417
0.522212
0.521006
0.519796
0.518584
0.51737
0.516152
0.514933
0.51371
0.512485
0.511258
0.510028
0.508795
0.50756
0.506321
0.505081
0.503838
0.502592
0.501343
0.500092
0.498838
0.497582
0.496323
0.495061
0.493796
0.492529
0.491259
0.489987
0.488711
0.487433
0.486153
0.484869
0.483583
0.482294
0.481003
0.479708
0.478411
0.477111
0.475809
0.474503
0.473195
0.471884
0.470571
0.469254
0.467935
0.466613
0.465288
0.46396
0.46263
0.461296
0.45996
0.458621
0.457279
0.455934
0.454587
0.453236
0.451883
0.450527
0.449168
0.447806
0.446441
0.445073
0.443703
0.442329
0.440953
0.439573
0.438191
0.436806
0.435418
0.434027
0.432632
0.431236
0.429835
0.428432
0.427027
0.425618
0.424206
0.422791
0.421373
0.419952
0.418528
0.417101
0.415671
0.414239
0.412802
0.411363
0.409921
0.408476
0.407028
0.405577
0.404122
0.402665
0.401204
0.39974
0.398274
0.396804
0.395331
0.393855
0.392376
0.390894
0.389408
0.38792
0.386428
0.384933
0.383435
0.381934
0.380429
0.378922
0.377411
0.375897
0.37438
0.37286
0.371336
0.36981
0.368279
0.366746
0.36521
0.36367
0.362127
0.360581
0.359032
0.357479
0.355923
0.354364
0.352801
0.351235
0.349666
0.348094
0.346518
0.344939
0.343356
0.341771
0.340182
0.338589
0.336993
0.335394
0.333792
0.332186
0.330576
0.328964
0.327348
0.325728
0.324105
0.322479
0.320849
0.319216
0.31758
0.31594
0.314297
0.31265
0.311
0.309346
0.307688
0.306028
0.304364
0.302696
0.301025
0.29935
0.297672
0.29599
0.294305
0.292616
0.290924
0.289228
0.287529
0.285826
0.284119
0.282409
0.280696
0.278979
0.277258
0.275533
0.273805
0.272074
0.270339
0.2686
0.266857
0.265111
0.263361
0.261608
0.259851
0.25809
0.256326
0.254558
0.252786
0.251011
0.249232
0.247449
0.245662
0.243872
0.242078
0.24028
0.238479
0.236674
0.234865
0.233052
0.231236
0.229415
0.227591
0.225764
0.223932
0.222097
0.220257
0.218414
0.216568
0.214717
0.212863
0.211004
0.209142
0.207276
0.205406
0.203532
0.201655
0.199773
0.197888
0.195999
0.194106
0.192209
0.190307
0.188402
0.186494
0.184581
0.182664
0.180744
0.178819
0.17689
0.174958
0.173021
0.171081
0.169136
0.167187
0.165235
0.163278
0.161318
0.159353
0.157385
0.155412
0.153435
0.151454
0.149469
0.147481
0.145488
0.14349
0.141489
0.139484
0.137475
0.135461
0.133443
0.131422
0.129396
0.127366
0.125332
0.123293
0.121251
0.119204
0.117153
0.115098
0.113039
0.110975
0.108908
0.106836
0.10476
0.10268
0.100595
0.0985063
0.0964134
0.094316
0.0922144
0.0901087
0.0879985
0.0858841
0.0837654
0.0816425
0.0795152
0.0773835
0.0752477
0.0731073
0.0709627
0.0688138
0.0666602
0.0645027
0.0623408
0.0601742
0.0580032
0.0558282
0.0536485
0.0514646
0.0492761
0.0470834
0.0448861
0.0426843
0.0404782
0.0382678
0.0360527
0.0338333
0.0316092
0.0293807
0.0271477
0.0249103
0.0226687
0.0204221
0.0181711
0.0159157
0.0136555
0.0113911
0.00912199
0.00684847
0.00457019
0.00228737
-8.74913e-08
