1
0.999931
0.999859
0.999786
0.999711
0.999634
0.999554
0.999473
0.99939
0.999305
0.999218
0.999129
0.999037
0.998944
0.998849
0.998752
0.998653
0.998552
0.998449
0.998344
0.998237
0.998128
0.998018
0.997905
0.99779
0.997674
0.997555
0.997434
0.997312
0.997187
0.997061
0.996933
0.996802
0.99667
0.996536
0.9964
0.996262
0.996122
0.995981
0.995837
0.995692
0.995544
0.995395
0.995244
0.995091
0.994936
0.994779
0.994619
0.994458
0.994295
0.99413
0.993963
0.993794
0.993623
0.99345
0.993275
0.993098
0.992919
0.992739
0.992556
0.992371
0.992185
0.991996
0.991806
0.991613
0.991419
0.991223
0.991024
0.990824
0.990622
0.990418
0.990212
0.990004
0.989794
0.989583
0.98937
0.989154
0.988937
0.988718
0.988497
0.988275
0.98805
0.987824
0.987595
0.987365
0.987133
0.9869
0.986664
0.986426
0.986187
0.985946
0.985703
0.985458
0.985211
0.984963
0.984712
0.98446
0.984206
0.98395
0.983692
0.983433
0.983171
0.982908
0.982643
0.982376
0.982107
0.981836
0.981563
0.981288
0.981012
0.980734
0.980453
0.980171
0.979887
0.979601
0.979313
0.979024
0.978732
0.978439
0.978144
0.977847
0.977548
0.977248
0.976945
0.976641
0.976334
0.976026
0.975716
0.975405
0.975091
0.974775
0.974458
0.974139
0.973818
0.973495
0.973171
0.972845
0.972516
0.972186
0.971854
0.971521
0.971185
0.970848
0.970509
0.970168
0.969826
0.969482
0.969135
0.968788
0.968438
0.968087
0.967734
0.96738
0.967023
0.966665
0.966305
0.965943
0.96558
0.965215
0.964848
0.964479
0.964109
0.963737
0.963363
0.962987
0.962609
0.96223
0.961849
0.961466
0.961081
0.960694
0.960306
0.959915
0.959523
0.959129
0.958733
0.958336
0.957936
0.957535
0.957131
0.956727
0.95632
0.955912
0.955501
0.955089
0.954675
0.95426
0.953843
0.953424
0.953003
0.952581
0.952157
0.951731
0.951303
0.950874
0.950443
0.95001
0.949575
0.949139
0.948701
0.948261
0.947819
0.947376
0.946931
0.946485
0.946036
0.945586
0.945134
0.944681
0.944225
0.943769
0.943309
0.942849
0.942387
0.941923
0.941458
0.940991
0.940521
0.940051
0.939578
0.939105
0.938629
0.938151
0.937672
0.937192
0.936709
0.936225
0.935739
0.935252
0.934762
0.934271
0.933778
0.933283
0.932787
0.932289
0.931789
0.931287
0.930784
0.930279
0.929772
0.929263
0.928753
0.928241
0.927727
0.927212
0.926694
0.926175
0.925654
0.925132
0.924608
0.924082
0.923554
0.923025
0.922494
0.921961
0.921427
0.920891
0.920353
0.919813
0.919272
0.918729
0.918184
0.917638
0.917089
0.91654
0.915988
0.915435
0.91488
0.914324
0.913765
0.913206
0.912643
0.912081
0.911515
0.910949
0.910381
0.909812
0.90924
0.908667
0.908092
0.907516
0.906938
0.906359
0.905778
0.905195
0.904611
0.904025
0.903437
0.902848
0.902257
0.901664
0.90107
0.900474
0.899875
0.899276
0.898674
0.898072
0.897466
0.89686
0.896251
0.895642
0.89503
0.894417
0.893801
0.893185
0.892566
0.891946
0.891323
0.8907
0.890074
0.889447
0.888818
0.888188
0.887555
0.886922
0.886286
0.885648
0.885009
0.884369
0.883726
0.883082
0.882435
0.881788
0.881138
0.880488
0.879835
0.879181
0.878524
0.877867
0.877207
0.876547
0.875884
0.87522
0.874554
0.873887
0.873217
0.872547
0.871875
0.871201
0.870525
0.869848
0.869169
0.868489
0.867806
0.867123
0.866437
0.865751
0.865062
0.864372
0.86368
0.862987
0.862291
0.861595
0.860896
0.860196
0.859494
0.858791
0.858086
0.85738
0.856672
0.855962
0.85525
0.854537
0.853821
0.853105
0.852386
0.851666
0.850943
0.85022
0.849494
0.848767
0.848037
0.847307
0.846574
0.845841
0.845104
0.844367
0.843627
0.842887
0.842144
0.8414
0.840653
0.839906
0.839156
0.838405
0.837652
0.836897
0.83614
0.835383
0.834623
0.833861
0.833098
0.832333
0.831566
0.830798
0.830028
0.829257
0.828483
0.827708
0.826931
0.826153
0.825372
0.82459
0.823806
0.823021
0.822234
0.821445
0.820654
0.819863
0.819068
0.818274
0.817476
0.816678
0.815877
0.815076
0.814272
0.813467
0.81266
0.811852
0.811041
0.81023
0.809416
0.808602
0.807785
0.806967
0.806147
0.805326
0.804502
0.803678
0.802851
0.802024
0.801194
0.800363
0.799529
0.798695
0.797858
0.79702
0.79618
0.795338
0.794494
0.793649
0.792802
0.791954
0.791103
0.790251
0.789396
0.788541
0.787683
0.786824
0.785963
0.7851
0.784235
0.78337
0.782501
0.781632
0.78076
0.779887
0.779012
0.778135
0.777256
0.776376
0.775494
0.774611
0.773725
0.772838
0.771948
0.771058
0.770165
0.769271
0.768375
0.767478
0.766578
0.765677
0.764773
0.763869
0.762962
0.762054
0.761144
0.760233
0.759319
0.758404
0.757487
0.756568
0.755647
0.754726
0.753801
0.752876
0.751948
0.751019
0.750088
0.749155
0.74822
0.747285
0.746346
0.745407
0.744465
0.743522
0.742577
0.74163
0.740681
0.739732
0.738779
0.737826
0.73687
0.735913
0.734954
0.733993
0.733031
0.732067
0.7311
0.730133
0.729163
0.728192
0.727219
0.726245
0.725268
0.72429
0.723309
0.722328
0.721344
0.720358
0.71937
0.718381
0.71739
0.716397
0.715402
0.714405
0.713406
0.712406
0.711403
0.710399
0.709392
0.708385
0.707374
0.706363
0.705349
0.704334
0.703316
0.702297
0.701275
0.700253
0.699227
0.698201
0.697172
0.696142
0.695109
0.694075
0.693039
0.692001
0.690961
0.68992
0.688876
0.687831
0.686783
0.685734
0.684683
0.68363
0.682575
0.681519
0.68046
0.6794
0.678337
0.677273
0.676207
0.675139
0.674069
0.672998
0.671924
0.670849
0.669772
0.668693
0.667612
0.666529
0.665444
0.664358
0.663269
0.66218
0.661087
0.659993
0.658897
0.6578
0.6567
0.655599
0.654495
0.65339
0.652283
0.651174
0.650063
0.648951
0.647836
0.64672
0.645601
0.644481
0.643359
0.642235
0.641109
0.639981
0.638851
0.637719
0.636585
0.63545
0.634312
0.633173
0.632031
0.630888
0.629742
0.628595
0.627445
0.626294
0.62514
0.623986
0.622828
0.621669
0.620508
0.619345
0.61818
0.617014
0.615845
0.614674
0.613501
0.612327
0.61115
0.609972
0.608791
0.607609
0.606424
0.605238
0.604049
0.602859
0.601667
0.600473
0.599276
0.598078
0.596877
0.595675
0.59447
0.593263
0.592054
0.590843
0.58963
0.588415
0.587197
0.585978
0.584756
0.583533
0.582307
0.58108
0.57985
0.578618
0.577384
0.576148
0.57491
0.57367
0.572427
0.571183
0.569936
0.568687
0.567436
0.566183
0.564928
0.563671
0.562411
0.56115
0.559887
0.558621
0.557353
0.556084
0.554812
0.553538
0.552261
0.550983
0.549703
0.548421
0.547136
0.545849
0.54456
0.54327
0.541976
0.540681
0.539383
0.538083
0.536781
0.535477
0.534171
0.532863
0.531551
0.530239
0.528924
0.527607
0.526287
0.524966
0.523641
0.522316
0.520987
0.519657
0.518324
0.51699
0.515653
0.514314
0.512972
0.511629
0.510283
0.508935
0.507585
0.506233
0.504878
0.503521
0.502162
0.500801
0.499437
0.498072
0.496704
0.495334
0.493961
0.492587
0.49121
0.489831
0.48845
0.487066
0.48568
0.484293
0.482902
0.48151
0.480115
0.478718
0.477319
0.475918
0.474514
0.473108
0.4717
0.47029
0.468877
0.467462
0.466044
0.464625
0.463203
0.461779
0.460352
0.458924
0.457493
0.45606
0.454624
0.453186
0.451746
0.450304
0.448859
0.447412
0.445962
0.444511
0.443057
0.441601
0.440142
0.438681
0.437218
0.435753
0.434285
0.432815
0.431342
0.429868
0.42839
0.426911
0.425429
0.423945
0.422458
0.420969
0.419478
0.417985
0.416488
0.41499
0.413489
0.411987
0.410481
0.408974
0.407463
0.405951
0.404436
0.402919
0.401399
0.399877
0.398353
0.396826
0.395297
0.393766
0.392231
0.390695
0.389156
0.387615
0.386071
0.384526
0.382977
0.381427
0.379873
0.378318
0.376759
0.375199
0.373636
0.372071
0.370503
0.368933
0.36736
0.365785
0.364207
0.362627
0.361045
0.35946
0.357872
0.356283
0.35469
0.353096
0.351498
0.349899
0.348296
0.346692
0.345084
0.343475
0.341863
0.340248
0.338631
0.337012
0.335389
0.333765
0.332138
0.330508
0.328876
0.327241
0.325604
0.323965
0.322322
0.320678
0.31903
0.31738
0.315728
0.314073
0.312416
0.310756
0.309093
0.307428
0.30576
0.30409
0.302418
0.300743
0.299065
0.297384
0.295701
0.294016
0.292327
0.290637
0.288943
0.287248
0.285549
0.283848
0.282144
0.280438
0.278729
0.277018
0.275303
0.273587
0.271867
0.270146
0.268421
0.266694
0.264964
0.263232
0.261496
0.259759
0.258018
0.256275
0.25453
0.252782
0.25103
0.249277
0.24752
0.245762
0.244
0.242236
0.240469
0.2387
0.236928
0.235153
0.233375
0.231595
0.229812
0.228027
0.226239
0.224448
0.222655
0.220859
0.21906
0.217259
0.215454
0.213648
0.211838
0.210026
0.208211
0.206393
0.204573
0.20275
0.200924
0.199095
0.197264
0.19543
0.193594
0.191754
0.189912
0.188067
0.186219
0.184369
0.182516
0.18066
0.178802
0.17694
0.175076
0.173209
0.171339
0.169467
0.167592
0.165714
0.163834
0.16195
0.160064
0.158175
0.156284
0.154389
0.152492
0.150592
0.148689
0.146784
0.144875
0.142964
0.14105
0.139134
0.137214
0.135292
0.133367
0.131439
0.129508
0.127574
0.125638
0.123699
0.121757
0.119812
0.117864
0.115914
0.113961
0.112004
0.110045
0.108084
0.106119
0.104152
0.102181
0.100208
0.0982321
0.0962534
0.0942716
0.0922872
0.0902997
0.0883096
0.0863164
0.0843206
0.0823217
0.0803201
0.0783155
0.0763082
0.0742978
0.0722848
0.0702687
0.0682499
0.0662281
0.0642035
0.0621759
0.0601456
0.0581122
0.0560761
0.054037
0.051995
0.0499501
0.0479024
0.0458517
0.0437982
0.0417417
0.0396824
0.0376201
0.0355549
0.0334868
0.0314158
0.0293419
0.0272651
0.0251853
0.0231027
0.0210171
0.0189286
0.0168371
0.0147427
0.0126454
0.0105452
0.00844204
0.00633594
0.0042269
0.00211492
0
