0.999934
0.999867
0.999797
0.999726
0.999652
0.999577
0.999499
0.99942
0.999338
0.999255
0.999169
0.999082
0.998992
0.998901
0.998807
0.998712
0.998615
0.998515
0.998414
0.998311
0.998206
0.998099
0.997989
0.997878
0.997765
0.99765
0.997534
0.997415
0.997294
0.997171
0.997046
0.99692
0.996791
0.996661
0.996528
0.996394
0.996258
0.99612
0.99598
0.995839
0.995695
0.99555
0.995402
0.995253
0.995101
0.994948
0.994792
0.994635
0.994476
0.994314
0.994151
0.993986
0.993819
0.99365
0.993478
0.993305
0.99313
0.992953
0.992774
0.992593
0.992411
0.992226
0.992039
0.99185
0.99166
0.991467
0.991273
0.991076
0.990878
0.990678
0.990475
0.990271
0.990066
0.989858
0.989648
0.989437
0.989223
0.989008
0.988791
0.988572
0.988351
0.988129
0.987904
0.987678
0.987449
0.987219
0.986987
0.986754
0.986518
0.98628
0.986041
0.9858
0.985557
0.985312
0.985065
0.984817
0.984567
0.984315
0.984061
0.983805
0.983547
0.983288
0.983026
0.982763
0.982498
0.982231
0.981962
0.981691
0.981419
0.981144
0.980868
0.980589
0.980309
0.980027
0.979743
0.979458
0.97917
0.978881
0.978589
0.978296
0.978001
0.977704
0.977405
0.977105
0.976802
0.976498
0.976192
0.975884
0.975574
0.975263
0.974949
0.974634
0.974317
0.973998
0.973677
0.973355
0.973031
0.972704
0.972376
0.972047
0.971715
0.971381
0.971046
0.970709
0.970371
0.97003
0.969688
0.969344
0.968998
0.968651
0.968302
0.967951
0.967598
0.967244
0.966888
0.96653
0.96617
0.965809
0.965446
0.965081
0.964714
0.964346
0.963976
0.963604
0.963231
0.962855
0.962478
0.962099
0.961718
0.961335
0.96095
0.960564
0.960175
0.959785
0.959393
0.959
0.958604
0.958207
0.957807
0.957406
0.957003
0.956599
0.956193
0.955785
0.955375
0.954963
0.95455
0.954135
0.953718
0.9533
0.952879
0.952457
0.952033
0.951608
0.951181
0.950752
0.950321
0.949889
0.949454
0.949018
0.948581
0.948141
0.9477
0.947257
0.946813
0.946367
0.945918
0.945469
0.945017
0.944564
0.944109
0.943653
0.943194
0.942735
0.942273
0.94181
0.941344
0.940878
0.940409
0.939939
0.939467
0.938994
0.938518
0.938041
0.937563
0.937083
0.936601
0.936117
0.935631
0.935144
0.934655
0.934165
0.933672
0.933178
0.932682
0.932184
0.931684
0.931184
0.93068
0.930176
0.929669
0.929161
0.928651
0.92814
0.927626
0.927111
0.926594
0.926076
0.925556
0.925034
0.92451
0.923985
0.923457
0.922929
0.922398
0.921866
0.921332
0.920797
0.920259
0.91972
0.919179
0.918637
0.918092
0.917547
0.916999
0.91645
0.915898
0.915346
0.914791
0.914235
0.913677
0.913118
0.912557
0.911995
0.91143
0.910865
0.910297
0.909728
0.909157
0.908585
0.908011
0.907435
0.906858
0.906279
0.905698
0.905117
0.904532
0.903947
0.90336
0.902772
0.902181
0.901589
0.900995
0.900399
0.899801
0.899203
0.898601
0.897999
0.897394
0.896789
0.896181
0.895571
0.89496
0.894347
0.893732
0.893116
0.892498
0.891878
0.891256
0.890634
0.890008
0.889382
0.888753
0.888124
0.887492
0.886858
0.886223
0.885586
0.884947
0.884307
0.883665
0.883022
0.882376
0.881729
0.88108
0.88043
0.879777
0.879124
0.878468
0.877811
0.877152
0.876492
0.87583
0.875167
0.874501
0.873835
0.873166
0.872496
0.871824
0.871151
0.870476
0.8698
0.869121
0.868442
0.86776
0.867077
0.866392
0.865706
0.865018
0.864329
0.863637
0.862944
0.86225
0.861554
0.860856
0.860157
0.859455
0.858753
0.858049
0.857343
0.856635
0.855926
0.855214
0.854501
0.853786
0.85307
0.852352
0.851632
0.85091
0.850187
0.849462
0.848736
0.848007
0.847277
0.846545
0.845812
0.845076
0.844339
0.8436
0.84286
0.842117
0.841374
0.840628
0.839881
0.839132
0.838381
0.837628
0.836875
0.836119
0.835361
0.834602
0.833841
0.833078
0.832314
0.831548
0.83078
0.83001
0.829239
0.828466
0.827692
0.826915
0.826137
0.825357
0.824576
0.823793
0.823008
0.822221
0.821433
0.820643
0.819852
0.819058
0.818264
0.817467
0.81667
0.81587
0.815069
0.814265
0.813461
0.812655
0.811847
0.811038
0.810227
0.809414
0.8086
0.807784
0.806967
0.806147
0.805327
0.804504
0.80368
0.802854
0.802027
0.801197
0.800367
0.799534
0.7987
0.797863
0.797026
0.796186
0.795345
0.794502
0.793657
0.79281
0.791962
0.791112
0.79026
0.789406
0.788551
0.787694
0.786835
0.785974
0.785112
0.784248
0.783382
0.782514
0.781646
0.780774
0.779902
0.779027
0.778151
0.777272
0.776393
0.775511
0.774628
0.773742
0.772856
0.771967
0.771077
0.770185
0.769291
0.768395
0.767498
0.766599
0.765699
0.764796
0.763892
0.762985
0.762078
0.761168
0.760257
0.759344
0.758429
0.757512
0.756594
0.755674
0.754753
0.753829
0.752904
0.751976
0.751048
0.750117
0.749185
0.748251
0.747315
0.746377
0.745439
0.744497
0.743555
0.74261
0.741664
0.740716
0.739766
0.738814
0.737861
0.736906
0.73595
0.734991
0.734031
0.733068
0.732105
0.731139
0.730172
0.729203
0.728233
0.72726
0.726286
0.72531
0.724332
0.723352
0.722371
0.721387
0.720402
0.719414
0.718425
0.717434
0.716441
0.715446
0.71445
0.713451
0.712451
0.711449
0.710445
0.709439
0.708431
0.707421
0.70641
0.705396
0.704381
0.703364
0.702345
0.701324
0.700301
0.699276
0.69825
0.697221
0.696192
0.695159
0.694126
0.693089
0.692052
0.691012
0.689971
0.688927
0.687883
0.686835
0.685787
0.684735
0.683683
0.682628
0.681572
0.680514
0.679454
0.678392
0.677328
0.676262
0.675195
0.674125
0.673054
0.671981
0.670906
0.669829
0.66875
0.667669
0.666587
0.665502
0.664416
0.663328
0.662238
0.661146
0.660053
0.658957
0.65786
0.65676
0.655659
0.654556
0.653451
0.652344
0.651236
0.650125
0.649013
0.647898
0.646782
0.645664
0.644544
0.643422
0.642299
0.641172
0.640045
0.638915
0.637784
0.63665
0.635515
0.634377
0.633238
0.632096
0.630953
0.629807
0.628661
0.627511
0.62636
0.625207
0.624052
0.622895
0.621736
0.620575
0.619413
0.618248
0.617081
0.615912
0.614742
0.613569
0.612395
0.611218
0.61004
0.60886
0.607678
0.606493
0.605307
0.604119
0.602929
0.601736
0.600543
0.599346
0.598148
0.596947
0.595745
0.59454
0.593333
0.592124
0.590914
0.5897
0.588485
0.587268
0.586049
0.584827
0.583604
0.582378
0.581151
0.57992
0.578689
0.577455
0.576219
0.57498
0.57374
0.572497
0.571253
0.570006
0.568758
0.567507
0.566254
0.564999
0.563742
0.562482
0.561221
0.559958
0.558692
0.557424
0.556155
0.554883
0.553609
0.552332
0.551055
0.549774
0.548492
0.547207
0.545921
0.544631
0.543341
0.542047
0.540752
0.539454
0.538154
0.536852
0.535548
0.534242
0.532933
0.531622
0.53031
0.528994
0.527677
0.526357
0.525036
0.523712
0.522386
0.521058
0.519727
0.518395
0.51706
0.515723
0.514384
0.513042
0.511699
0.510353
0.509005
0.507654
0.506302
0.504947
0.503591
0.502231
0.50087
0.499507
0.498141
0.496773
0.495403
0.49403
0.492656
0.491279
0.4899
0.488518
0.487135
0.485749
0.484361
0.482971
0.481578
0.480183
0.478787
0.477387
0.475986
0.474582
0.473176
0.471767
0.470357
0.468944
0.467529
0.466112
0.464692
0.46327
0.461846
0.460419
0.458991
0.457559
0.456126
0.45469
0.453253
0.451812
0.45037
0.448925
0.447478
0.446028
0.444577
0.443122
0.441666
0.440207
0.438746
0.437283
0.435817
0.434349
0.432879
0.431406
0.429932
0.428454
0.426975
0.425492
0.424008
0.422521
0.421033
0.419541
0.418047
0.416551
0.415053
0.413552
0.412049
0.410543
0.409035
0.407525
0.406012
0.404497
0.40298
0.40146
0.399938
0.398413
0.396887
0.395357
0.393826
0.392291
0.390755
0.389216
0.387675
0.386131
0.384585
0.383036
0.381485
0.379931
0.378376
0.376817
0.375257
0.373693
0.372128
0.37056
0.36899
0.367417
0.365841
0.364263
0.362683
0.361101
0.359516
0.357928
0.356338
0.354745
0.35315
0.351553
0.349953
0.34835
0.346746
0.345138
0.343528
0.341916
0.340301
0.338683
0.337064
0.335441
0.333817
0.332189
0.33056
0.328927
0.327292
0.325655
0.324015
0.322372
0.320727
0.31908
0.31743
0.315777
0.314122
0.312464
0.310804
0.309141
0.307476
0.305808
0.304138
0.302465
0.300789
0.299111
0.297431
0.295747
0.294062
0.292373
0.290682
0.288988
0.287292
0.285593
0.283892
0.282188
0.280482
0.278772
0.277061
0.275346
0.273629
0.27191
0.270188
0.268463
0.266735
0.265005
0.263273
0.261537
0.259799
0.258058
0.256315
0.254569
0.252821
0.251069
0.249315
0.247559
0.2458
0.244038
0.242273
0.240506
0.238737
0.236964
0.235189
0.233411
0.231631
0.229848
0.228062
0.226274
0.224483
0.222689
0.220893
0.219093
0.217292
0.215487
0.21368
0.21187
0.210058
0.208242
0.206425
0.204604
0.20278
0.200954
0.199126
0.197294
0.19546
0.193623
0.191783
0.18994
0.188095
0.186247
0.184397
0.182543
0.180687
0.178828
0.176966
0.175102
0.173235
0.171365
0.169492
0.167617
0.165739
0.163858
0.161974
0.160088
0.158198
0.156306
0.154412
0.152514
0.150614
0.148711
0.146805
0.144896
0.142985
0.141071
0.139154
0.137234
0.135311
0.133386
0.131458
0.129527
0.127593
0.125656
0.123717
0.121774
0.119829
0.117881
0.11593
0.113977
0.11202
0.110061
0.108099
0.106134
0.104166
0.102196
0.100222
0.0982458
0.0962668
0.0942847
0.0923
0.0903122
0.0883218
0.0863283
0.0843321
0.082333
0.080331
0.0783262
0.0763185
0.0743079
0.0722945
0.0702782
0.0682591
0.066237
0.0642121
0.0621842
0.0601536
0.0581199
0.0560835
0.0540441
0.0520019
0.0499567
0.0479087
0.0458577
0.0438039
0.0417471
0.0396875
0.0376249
0.0355595
0.0334911
0.0314198
0.0293456
0.0272685
0.0251885
0.0231055
0.0210197
0.0189309
0.0168392
0.0147446
0.012647
0.0105465
0.00844307
0.00633671
0.00422741
0.00211518
